5.300000225361145567e-07 5.300000225361145567e-07 5.300000225361145567e-07 5.300000225361145567e-07 5.300000225361145567e-07 5.300000225361145567e-07 5.300000225361145567e-07 5.300000225361145567e-07 5.300000225361145567e-07 5.300000225361145567e-07 5.300000225361145567e-07 5.300000225361145567e-07 5.300000225361145567e-07 5.300000225361145567e-07 5.300000225361145567e-07 5.300000225361145567e-07 5.300000225361145567e-07 5.300000225361145567e-07 5.300000225361145567e-07 5.300000225361145567e-07 5.300000225361145567e-07 5.300000225361145567e-07 5.300000225361145567e-07
5.300000225361145567e-07 5.300000225361145567e-07 5.300000225361145567e-07 5.300000225361145567e-07 5.300000225361145567e-07 5.300000225361145567e-07 5.300000225361145567e-07 5.300000225361145567e-07 5.300000225361145567e-07 5.300000225361145567e-07 5.300000225361145567e-07 0.000000000000000000e+00 5.300000225361145567e-07 5.300000225361145567e-07 5.300000225361145567e-07 5.300000225361145567e-07 5.300000225361145567e-07 5.300000225361145567e-07 5.300000225361145567e-07 5.300000225361145567e-07 5.300000225361145567e-07 5.300000225361145567e-07 5.300000225361145567e-07
5.300000225361145567e-07 5.300000225361145567e-07 5.300000225361145567e-07 5.300000225361145567e-07 5.300000225361145567e-07 5.300000225361145567e-07 5.300000225361145567e-07 5.679419246007455513e-07 4.823988319913041778e-07 2.560568930221052142e-07 0.000000000000000000e+00 0.000000000000000000e+00 0.000000000000000000e+00 0.000000000000000000e+00 9.460794103688385803e-08 4.212953967908106279e-07 5.300000225361145567e-07 5.300000225361145567e-07 5.300000225361145567e-07 5.300000225361145567e-07 5.300000225361145567e-07 5.300000225361145567e-07 5.300000225361145567e-07
5.300000225361145567e-07 5.300000225361145567e-07 5.300000225361145567e-07 5.300000225361145567e-07 5.300000225361145567e-07 0.000000000000000000e+00 4.645162903216260020e-07 9.284733550884993747e-07 1.092492766474606469e-06 9.345137641503242776e-07 5.745669682255538646e-07 2.324895262972859200e-07 1.095703794362634653e-07 2.616017695800110232e-07 5.406609489000402391e-07 6.683268907181627583e-07 4.639550752472132444e-07 1.880805768905702280e-07 5.300000225361145567e-07 5.300000225361145567e-07 5.300000225361145567e-07 5.300000225361145567e-07 5.300000225361145567e-07
5.300000225361145567e-07 5.300000225361145567e-07 5.300000225361145567e-07 5.300000225361145567e-07 0.000000000000000000e+00 2.963951999390701531e-07 8.783084695096476935e-07 1.217177896251087077e-06 1.264009142687427811e-06 1.012050006465869956e-06 5.835744332216563635e-07 2.057581980352551909e-07 1.005293484013236593e-07 3.508007182517758338e-07 8.185617161871050484e-07 1.178904085463727824e-06 1.098190750781213865e-06 5.242436600383371115e-07 0.000000000000000000e+00 5.300000225361145567e-07 5.300000225361145567e-07 5.300000225361145567e-07 5.300000225361145567e-07
5.300000225361145567e-07 5.300000225361145567e-07 5.300000225361145567e-07 0.000000000000000000e+00 2.902760627421230311e-07 7.404419193335343152e-07 9.710952326713595539e-07 1.079184812624589540e-06 1.006762204269762151e-06 7.112216735549736768e-07 2.733342796545912279e-07 0.000000000000000000e+00 0.000000000000000000e+00 9.749780360834847670e-08 6.936932095413794741e-07 1.280707465411978774e-06 1.481357912780367769e-06 1.093822902475949377e-06 3.415897253944422118e-07 0.000000000000000000e+00 5.300000225361145567e-07 5.300000225361145567e-07 5.300000225361145567e-07
5.300000225361145567e-07 5.300000225361145567e-07 5.300000225361145567e-07 3.661444907265831716e-07 8.340742851942195557e-07 8.621127562946639955e-07 8.162572839864878915e-07 7.988726906660303939e-07 7.225763170026766602e-07 4.886738338427676354e-07 1.166723961887328187e-07 0.000000000000000000e+00 0.000000000000000000e+00 0.000000000000000000e+00 4.838303766518947668e-07 1.142673909271252342e-06 1.520954583611455746e-06 1.368634912068955600e-06 7.650492648281215224e-07 1.562467559779179282e-07 5.300000225361145567e-07 5.300000225361145567e-07 5.300000225361145567e-07
5.300000225361145567e-07 5.300000225361145567e-07 1.539191316624055617e-07 9.076644005290290806e-07 1.033242824632907286e-06 8.165395684045506641e-07 6.432378540921490639e-07 6.244185328796447720e-07 6.460609824898710940e-07 5.532165232580155134e-07 3.002043627020611893e-07 0.000000000000000000e+00 0.000000000000000000e+00 0.000000000000000000e+00 4.297296243294113083e-07 1.012684606394032016e-06 1.418071974512713496e-06 1.402471866640553344e-06 9.872341024674824439e-07 4.990582738173543476e-07 1.396135473896720214e-07 5.300000225361145567e-07 5.300000225361145567e-07
5.300000225361145567e-07 5.300000225361145567e-07 5.012677206650550943e-07 1.061016291714622639e-06 1.065295919033815153e-06 7.583996648463653401e-07 5.575744808083982207e-07 5.987546956021105871e-07 7.566269459857721813e-07 8.312522936648747418e-07 7.172671985244960524e-07 4.710227301529812394e-07 2.658872517713462003e-07 2.763372322078794241e-07 5.574016768150613643e-07 9.874923989627859555e-07 1.319656803389079869e-06 1.338830998065532185e-06 1.050742639563395642e-06 7.317167387554945890e-07 5.477870672621065751e-07 5.300000225361145567e-07 5.300000225361145567e-07
5.300000225361145567e-07 5.300000225361145567e-07 4.770303689838328864e-07 1.045336375682381913e-06 1.066192226062412374e-06 7.419305916300800163e-07 5.346141733753029257e-07 6.243494681257288903e-07 8.942295721681148279e-07 1.115435907195205800e-06 1.133041450884775259e-06 9.556141549182939343e-07 7.298004334188590292e-07 6.346892860165098682e-07 7.599137461511418223e-07 1.036130697684711777e-06 1.266744220629334450e-06 1.265494802282773890e-06 1.035824652717565186e-06 8.347583388967905194e-07 8.463912308798171580e-07 5.300000225361145567e-07 5.300000225361145567e-07
5.300000225361145567e-07 5.300000225361145567e-07 3.533001518007949926e-07 1.010486357699846849e-06 1.093913169825100340e-06 7.542308821939514019e-07 5.052968958807468880e-07 5.870801373930589762e-07 9.093159292206109967e-07 1.230590783052321058e-06 1.357771452603628859e-06 1.256459199794335291e-06 1.044458713295171037e-06 8.970807243713352364e-07 9.254753194909426384e-07 1.097096856028656475e-06 1.250837158295325935e-06 1.218346369569189847e-06 9.975593684430350550e-07 8.344960065187478904e-07 9.549753485771361738e-07 5.300000225361145567e-07 5.300000225361145567e-07
5.300000225361145567e-07 1.277787987419287674e-06 2.891705435104086064e-07 1.018220928017399274e-06 1.153787707153242081e-06 7.710632417001761496e-07 4.319220465731632430e-07 4.441455985215725377e-07 7.572933782284962945e-07 1.130900272983126342e-06 1.344129714198061265e-06 1.325000084761995822e-06 1.161824229711783119e-06 1.019553565129172057e-06 1.019310275296447799e-06 1.150512275671644602e-06 1.271656401513610035e-06 1.218013039760990068e-06 9.722143659018911421e-07 7.669784736208384857e-07 8.780045277489989530e-07 7.294037800420483109e-07 5.300000225361145567e-07
5.300000225361145567e-07 5.300000225361145567e-07 3.253354350363224512e-07 1.058960606314940378e-06 1.225484652422892395e-06 7.855973080950207077e-07 3.331889786295505473e-07 2.424954459456785116e-07 5.095134838484227657e-07 9.042153692462306935e-07 1.186755525850458071e-06 1.253071332030231133e-06 1.163016122518456541e-06 1.067435960067086853e-06 1.089407987819868140e-06 1.229199938279634807e-06 1.352387016595457681e-06 1.285967300646007061e-06 9.882671747618587688e-07 6.749000931449700147e-07 6.750584589099162258e-07 5.300000225361145567e-07 5.300000225361145567e-07
5.300000225361145567e-07 5.300000225361145567e-07 4.100768933312792797e-07 1.074655074262409471e-06 1.274496526093571447e-06 8.035913197090849280e-07 2.610154297144617885e-07 7.761761366964492481e-08 2.962829910302389180e-07 7.029972266536788084e-07 1.045818407874321565e-06 1.194288188344216906e-06 1.182769210572587326e-06 1.147687157754262444e-06 1.210677510243840516e-06 1.377199396301875822e-06 1.513271854491904378e-06 1.431610144209116697e-06 1.062609044311102480e-06 6.053084575796674471e-07 4.487120008889178280e-07 5.300000225361145567e-07 5.300000225361145567e-07
5.300000225361145567e-07 5.300000225361145567e-07 4.375704065751051530e-07 9.828266911426908337e-07 1.255695451618521474e-06 8.234146093855088111e-07 2.566927150837727822e-07 2.773265350697329268e-08 2.227738775673060445e-07 6.469202844527899288e-07 1.042121539285290055e-06 1.257817757505108602e-06 1.307933416683226824e-06 1.317607143391796853e-06 1.408297293892246671e-06 1.590669171491754241e-06 1.730987833070685156e-06 1.628582595003535971e-06 1.189326439998694696e-06 6.029932251294667367e-07 3.307957285869633779e-07 5.300000225361145567e-07 5.300000225361145567e-07
5.300000225361145567e-07 5.300000225361145567e-07 2.857226490959874354e-07 7.033191309346875641e-07 1.123129322877503000e-06 8.260578852059552446e-07 3.208336920579313301e-07 1.054910967468458693e-07 3.059018354178988375e-07 7.495116278732893988e-07 1.178761522169224918e-06 1.430528641321870964e-06 1.505316504335496575e-06 1.522846559964818880e-06 1.609166019989061169e-06 1.784380174285615794e-06 1.919645228554145433e-06 1.807121179808746092e-06 1.337181743110704701e-06 7.033070801298890729e-07 4.567551172840467189e-07 5.300000225361145567e-07 5.300000225361145567e-07
5.300000225361145567e-07 5.300000225361145567e-07 5.300000225361145567e-07 1.775595421804609941e-07 8.486625802106573246e-07 7.888611435191705823e-07 4.203030243843386415e-07 2.581593321338004898e-07 4.692859363331081113e-07 9.104003311222186312e-07 1.333709178652497940e-06 1.572998826304683462e-06 1.623808657313929871e-06 1.607449576113140211e-06 1.660313046158989891e-06 1.817120846681063995e-06 1.959516566785168834e-06 1.879681803984567523e-06 1.462466570956166834e-06 9.188843819174508099e-07 5.300000225361145567e-07 5.300000225361145567e-07 5.300000225361145567e-07
5.300000225361145567e-07 5.300000225361145567e-07 5.300000225361145567e-07 0.000000000000000000e+00 4.223358587296388578e-07 7.071142817949294113e-07 5.258992814560770057e-07 4.180066355274902890e-07 6.042805011929885950e-07 9.857766372078913264e-07 1.338854872301453725e-06 1.506213038737769239e-06 1.487225745222531259e-06 1.410307277183164842e-06 1.424918536940822378e-06 1.581264314154395834e-06 1.771692041074857116e-06 1.789301904864259996e-06 1.516310248916852288e-06 1.187274165204144083e-06 5.300000225361145567e-07 5.300000225361145567e-07 5.300000225361145567e-07
5.300000225361145567e-07 5.300000225361145567e-07 5.300000225361145567e-07 5.300000225361145567e-07 0.000000000000000000e+00 5.599516725851572119e-07 6.269735877140192315e-07 5.571775432144931983e-07 6.577919862138514873e-07 9.025400231621460989e-07 1.114093947762739845e-06 1.158944087364943698e-06 1.047632395057007670e-06 9.158758302874048240e-07 9.202261708196601830e-07 1.115548911911901087e-06 1.390797251588082872e-06 1.524266281194286421e-06 1.379760306008392945e-06 5.300000225361145567e-07 5.300000225361145567e-07 5.300000225361145567e-07 5.300000225361145567e-07
5.300000225361145567e-07 5.300000225361145567e-07 5.300000225361145567e-07 5.300000225361145567e-07 5.300000225361145567e-07 9.106787501877988689e-08 6.034290436218725517e-07 6.357421966640686151e-07 6.421591933758463711e-07 7.163255304476479068e-07 7.598896445415448397e-07 6.808431862737052143e-07 5.040781161369523033e-07 3.623426891863346100e-07 3.971098863075894769e-07 6.357361712616693694e-07 9.236909477294830140e-07 9.785647989701828919e-07 5.300000225361145567e-07 5.300000225361145567e-07 5.300000225361145567e-07 5.300000225361145567e-07 5.300000225361145567e-07
5.300000225361145567e-07 5.300000225361145567e-07 5.300000225361145567e-07 5.300000225361145567e-07 5.300000225361145567e-07 5.300000225361145567e-07 5.300000225361145567e-07 2.478698206687113270e-07 3.787721993830928113e-07 4.301550120544561651e-07 4.284597707737702876e-07 3.431135837672627531e-07 2.086911763399257325e-07 1.275775787235033931e-07 1.783627681106736418e-07 2.952876343442767393e-07 5.300000225361145567e-07 5.300000225361145567e-07 5.300000225361145567e-07 5.300000225361145567e-07 5.300000225361145567e-07 5.300000225361145567e-07 5.300000225361145567e-07
5.300000225361145567e-07 5.300000225361145567e-07 5.300000225361145567e-07 5.300000225361145567e-07 5.300000225361145567e-07 5.300000225361145567e-07 5.300000225361145567e-07 5.300000225361145567e-07 5.300000225361145567e-07 5.300000225361145567e-07 5.300000225361145567e-07 0.000000000000000000e+00 5.300000225361145567e-07 5.300000225361145567e-07 5.300000225361145567e-07 5.300000225361145567e-07 5.300000225361145567e-07 5.300000225361145567e-07 5.300000225361145567e-07 5.300000225361145567e-07 5.300000225361145567e-07 5.300000225361145567e-07 5.300000225361145567e-07
5.300000225361145567e-07 5.300000225361145567e-07 5.300000225361145567e-07 5.300000225361145567e-07 5.300000225361145567e-07 5.300000225361145567e-07 5.300000225361145567e-07 5.300000225361145567e-07 5.300000225361145567e-07 5.300000225361145567e-07 5.300000225361145567e-07 5.300000225361145567e-07 5.300000225361145567e-07 5.300000225361145567e-07 5.300000225361145567e-07 5.300000225361145567e-07 5.300000225361145567e-07 5.300000225361145567e-07 5.300000225361145567e-07 5.300000225361145567e-07 5.300000225361145567e-07 5.300000225361145567e-07 5.300000225361145567e-07
