4.700000033608375816e-07 4.700000033608375816e-07 4.700000033608375816e-07 4.700000033608375816e-07 4.700000033608375816e-07 4.700000033608375816e-07 4.700000033608375816e-07 4.700000033608375816e-07 4.700000033608375816e-07 4.700000033608375816e-07 4.700000033608375816e-07 4.700000033608375816e-07 4.700000033608375816e-07 4.700000033608375816e-07 4.700000033608375816e-07 4.700000033608375816e-07 4.700000033608375816e-07 4.700000033608375816e-07 4.700000033608375816e-07 4.700000033608375816e-07 4.700000033608375816e-07 4.700000033608375816e-07 4.700000033608375816e-07
4.700000033608375816e-07 4.700000033608375816e-07 4.700000033608375816e-07 4.700000033608375816e-07 4.700000033608375816e-07 4.700000033608375816e-07 4.700000033608375816e-07 4.700000033608375816e-07 4.700000033608375816e-07 4.700000033608375816e-07 4.700000033608375816e-07 2.074107214866671711e-07 4.700000033608375816e-07 4.700000033608375816e-07 4.700000033608375816e-07 4.700000033608375816e-07 4.700000033608375816e-07 4.700000033608375816e-07 4.700000033608375816e-07 4.700000033608375816e-07 4.700000033608375816e-07 4.700000033608375816e-07 4.700000033608375816e-07
4.700000033608375816e-07 4.700000033608375816e-07 4.700000033608375816e-07 4.700000033608375816e-07 4.700000033608375816e-07 4.700000033608375816e-07 4.700000033608375816e-07 0.000000000000000000e+00 3.346809762660996057e-08 1.186273834719031584e-07 2.273435200095264008e-07 3.439976694608049002e-07 4.321805135987233371e-07 4.537434676876728190e-07 4.252313772212801268e-07 5.155734470463357866e-07 4.700000033608375816e-07 4.700000033608375816e-07 4.700000033608375816e-07 4.700000033608375816e-07 4.700000033608375816e-07 4.700000033608375816e-07 4.700000033608375816e-07
4.700000033608375816e-07 4.700000033608375816e-07 4.700000033608375816e-07 4.700000033608375816e-07 4.700000033608375816e-07 3.579231133699067868e-08 0.000000000000000000e+00 3.880379040310799610e-08 1.193088223772065248e-07 2.193140176132146735e-07 3.384436411124625010e-07 4.701295495124213630e-07 5.884319307369878516e-07 6.529573397529020440e-07 6.377459840223309584e-07 5.875428996660048142e-07 7.031759423625771888e-07 1.456848735870153178e-06 4.700000033608375816e-07 4.700000033608375816e-07 4.700000033608375816e-07 4.700000033608375816e-07 4.700000033608375816e-07
4.700000033608375816e-07 4.700000033608375816e-07 4.700000033608375816e-07 4.700000033608375816e-07 2.057533947663614526e-07 9.366678455080545973e-08 8.200922252399323042e-08 1.411679306784208165e-07 2.365695479511487065e-07 3.495091220884205541e-07 4.740919052892422769e-07 6.049612011338467710e-07 7.264068244694499299e-07 8.101381467895407695e-07 8.264692041848320514e-07 7.718909955656272359e-07 7.150074452511034906e-07 8.625829650554805994e-07 1.647987687647400890e-06 4.700000033608375816e-07 4.700000033608375816e-07 4.700000033608375816e-07 4.700000033608375816e-07
4.700000033608375816e-07 4.700000033608375816e-07 4.700000033608375816e-07 3.927198122255504131e-07 3.332677351863821968e-07 2.361581152854341781e-07 2.120492581525468268e-07 2.665564693415944930e-07 3.722141173057025298e-07 5.013760073779849336e-07 6.357174697768641636e-07 7.638421948286122642e-07 8.751070481594069861e-07 9.551584980727056973e-07 9.868241477306582965e-07 9.589226692696684040e-07 8.852439350448548794e-07 8.364133918803418055e-07 9.885783356367028318e-07 1.694857928669080138e-06 4.700000033608375816e-07 4.700000033608375816e-07 4.700000033608375816e-07
4.700000033608375816e-07 4.700000033608375816e-07 4.700000033608375816e-07 5.787206873719696887e-07 5.467501296152477153e-07 4.221921301450493047e-07 3.628252329690440092e-07 3.997987505499622785e-07 5.100772568766842596e-07 6.562019052580581047e-07 8.051957820498500951e-07 9.349702736471954267e-07 1.033890953294758219e-06 1.097226913771010004e-06 1.123048832596396096e-06 1.109752247430151328e-06 1.057756207956117578e-06 9.790771855477942154e-07 9.204013622365891933e-07 1.007957735055242665e-06 4.700000033608375816e-07 4.700000033608375816e-07 4.700000033608375816e-07
4.700000033608375816e-07 4.700000033608375816e-07 3.108166310994420201e-07 8.101919775072019547e-07 7.679008149352739565e-07 6.042844802323088516e-07 5.035797698837995995e-07 5.161266471986891702e-07 6.243806751626834739e-07 7.842978675398626365e-07 9.501089834884623997e-07 1.087718374037649482e-06 1.179952164420683403e-06 1.225636651724926196e-06 1.234021056006895378e-06 1.216349119204096496e-06 1.177459807877312414e-06 1.112127961278019939e-06 1.013470409816363826e-06 9.041083899319346529e-07 9.049409754879889078e-07 4.700000033608375816e-07 4.700000033608375816e-07
4.700000033608375816e-07 4.700000033608375816e-07 5.158335625310428441e-07 9.857209306574077345e-07 9.279192454414442182e-07 7.364989187408355065e-07 6.027934773555898573e-07 5.910518439122824930e-07 6.917539394635241479e-07 8.596812790528929327e-07 1.040972051669086795e-06 1.191298906633164734e-06 1.285983557863801252e-06 1.322314119533984922e-06 1.314543055741523858e-06 1.283034066545951646e-06 1.240782353306713048e-06 1.183059907816641498e-06 1.089232341655588243e-06 9.498621693637687713e-07 8.370451496375608258e-07 4.700000033608375816e-07 4.700000033608375816e-07
4.700000033608375816e-07 4.700000033608375816e-07 6.479636454059800599e-07 1.048060426001029555e-06 9.860455065791029483e-07 7.912706223578425124e-07 6.431529300243710168e-07 6.140321033853979316e-07 7.044980065984418616e-07 8.738313681533327326e-07 1.066021923179505393e-06 1.230430257237458136e-06 1.335521574219455943e-06 1.374241833218547981e-06 1.360508008474425878e-06 1.317965597991133109e-06 1.264605089090764523e-06 1.200055748995509930e-06 1.106348463508766145e-06 9.777049854164943099e-07 9.004293133330065757e-07 4.700000033608375816e-07 4.700000033608375816e-07
4.700000033608375816e-07 4.700000033608375816e-07 7.019818326625681948e-07 9.962761851056711748e-07 9.423592359780741390e-07 7.706693168074707501e-07 6.304173894022824243e-07 5.950578838564979378e-07 6.756375228178512771e-07 8.402358844250557013e-07 1.036224603012669832e-06 1.211358721775468439e-06 1.329773340330575593e-06 1.379777700094564352e-06 1.371942062178277411e-06 1.328331791228265502e-06 1.266884055439732037e-06 1.188820533570833504e-06 1.081671030078723561e-06 9.559245199852739461e-07 9.395344022777862847e-07 4.700000033608375816e-07 4.700000033608375816e-07
4.700000033608375816e-07 3.479996166788623668e-07 7.324039188461028971e-07 8.803732498563476838e-07 8.362572998521500267e-07 7.052898354231729172e-07 5.908937623644305859e-07 5.601494308393739630e-07 6.327947517092979979e-07 7.875668188717099838e-07 9.788965371626545675e-07 1.156945018010446802e-06 1.284716518057393841e-06 1.347495299341971986e-06 1.352140429844439495e-06 1.316827024311351124e-06 1.255645088349410798e-06 1.167062919193995185e-06 1.040625534187711310e-06 9.023920028994325548e-07 9.265175435757555533e-07 1.648061925152433105e-06 4.700000033608375816e-07
4.700000033608375816e-07 4.700000033608375816e-07 8.111978786473628134e-07 7.748660095785453450e-07 7.287030712177511305e-07 6.402482881640025880e-07 5.581470645665831398e-07 5.372990017349366099e-07 6.030851977811835241e-07 7.441059892698831391e-07 9.227485406881896779e-07 1.093571768251422327e-06 1.220930585077439900e-06 1.289463853026973084e-06 1.304044872085796669e-06 1.279538196286011953e-06 1.225219079969974700e-06 1.133993009716505185e-06 9.926109214575262740e-07 8.358924787899013609e-07 8.755669114179909229e-07 4.700000033608375816e-07 4.700000033608375816e-07
4.700000033608375816e-07 4.700000033608375816e-07 9.585157840774627402e-07 7.334697329497430474e-07 6.716794587191543542e-07 6.127318101789569482e-07 5.541671725950436667e-07 5.386120847106212750e-07 5.950805075372045394e-07 7.195203011178818997e-07 8.802568345345207490e-07 1.035345349009730853e-06 1.150962248175346758e-06 1.212862912325363141e-06 1.226593667524866760e-06 1.206581373480730690e-06 1.159421458396536764e-06 1.072664986168092582e-06 9.271406042898888700e-07 7.583634555885510053e-07 8.008616987353889272e-07 4.700000033608375816e-07 4.700000033608375816e-07
4.700000033608375816e-07 4.700000033608375816e-07 1.051904519044910558e-06 7.314941967706545256e-07 6.723082606185926124e-07 6.292025318543892354e-07 5.734893306907906663e-07 5.473014539347786922e-07 5.864095555807580240e-07 6.922315378687926568e-07 8.350466487172525376e-07 9.724694791657384485e-07 1.070052803697763011e-06 1.114466954277304467e-06 1.114062229135015514e-06 1.086733846022980288e-06 1.040912366079282947e-06 9.621491017242078669e-07 8.252126235674950294e-07 6.598024810955394059e-07 7.069614866850315593e-07 4.700000033608375816e-07 4.700000033608375816e-07
4.700000033608375816e-07 4.700000033608375816e-07 7.229107268358347937e-07 6.056013148736383300e-07 6.617973440370406024e-07 6.526827860398043413e-07 5.807202683172363322e-07 5.197683776714256965e-07 5.267720553092658520e-07 6.114565849202335812e-07 7.424190471283509396e-07 8.707429515197873116e-07 9.557628573020338081e-07 9.818788839766057208e-07 9.603594435247941874e-07 9.158881084658787586e-07 8.641784461360657588e-07 7.943495461404381786e-07 6.778582246624864638e-07 5.346843181541771628e-07 5.971219252387527376e-07 4.700000033608375816e-07 4.700000033608375816e-07
4.700000033608375816e-07 4.700000033608375816e-07 4.700000033608375816e-07 2.341892013646429405e-09 4.807678237739310134e-07 6.115590167610207573e-07 5.325546226231381297e-07 4.132629385367181385e-07 3.660248637515906012e-07 4.225032625981839374e-07 5.502969315784866922e-07 6.878989893266407307e-07 7.804110282449983060e-07 8.033833864828920923e-07 7.678855240556003992e-07 7.064055012051539961e-07 6.464545094786444679e-07 5.867856316399411298e-07 4.999492375645786524e-07 3.944861646232311614e-07 4.700000033608375816e-07 4.700000033608375816e-07 4.700000033608375816e-07
4.700000033608375816e-07 4.700000033608375816e-07 4.700000033608375816e-07 0.000000000000000000e+00 0.000000000000000000e+00 4.410292433476570295e-07 4.346797481957764830e-07 2.485547838659840636e-07 1.155630968696641503e-07 1.220953436131821945e-07 2.456672518746927381e-07 4.099359784959233366e-07 5.373068461267394014e-07 5.849994977324968204e-07 5.568599021898990031e-07 4.903972126157896128e-07 4.264795165909163188e-07 3.778552013500302564e-07 3.221624069738027174e-07 2.553609306232829113e-07 4.700000033608375816e-07 4.700000033608375816e-07 4.700000033608375816e-07
4.700000033608375816e-07 4.700000033608375816e-07 4.700000033608375816e-07 4.700000033608375816e-07 0.000000000000000000e+00 1.666862488036713330e-07 4.419592301019292790e-07 2.146614690445858287e-07 0.000000000000000000e+00 0.000000000000000000e+00 0.000000000000000000e+00 1.067114396846591262e-07 2.775040570668352302e-07 3.686578224915137980e-07 3.660372556169022573e-07 3.045690846192883328e-07 2.352111749814866926e-07 1.849540751663880656e-07 1.374870066683797631e-07 4.700000033608375816e-07 4.700000033608375816e-07 4.700000033608375816e-07 4.700000033608375816e-07
4.700000033608375816e-07 4.700000033608375816e-07 4.700000033608375816e-07 4.700000033608375816e-07 4.700000033608375816e-07 3.677550353131664451e-08 1.006958427751669660e-06 8.189799700630828738e-07 3.397545356165210251e-07 0.000000000000000000e+00 0.000000000000000000e+00 8.659810646349797025e-10 1.482170546296401881e-07 2.394963303231634200e-07 2.293848808676557383e-07 1.375682074922224274e-07 1.555449102852435317e-08 0.000000000000000000e+00 4.700000033608375816e-07 4.700000033608375816e-07 4.700000033608375816e-07 4.700000033608375816e-07 4.700000033608375816e-07
4.700000033608375816e-07 4.700000033608375816e-07 4.700000033608375816e-07 4.700000033608375816e-07 4.700000033608375816e-07 4.700000033608375816e-07 4.700000033608375816e-07 3.081142040173290297e-06 2.242867822133121081e-06 1.382913978886790574e-06 8.138279099512146786e-07 5.376202807383378968e-07 4.171509715433785459e-07 3.029778099516988732e-07 1.056575911206891760e-07 0.000000000000000000e+00 4.700000033608375816e-07 4.700000033608375816e-07 4.700000033608375816e-07 4.700000033608375816e-07 4.700000033608375816e-07 4.700000033608375816e-07 4.700000033608375816e-07
4.700000033608375816e-07 4.700000033608375816e-07 4.700000033608375816e-07 4.700000033608375816e-07 4.700000033608375816e-07 4.700000033608375816e-07 4.700000033608375816e-07 4.700000033608375816e-07 4.700000033608375816e-07 4.700000033608375816e-07 4.700000033608375816e-07 2.435145461276988499e-06 4.700000033608375816e-07 4.700000033608375816e-07 4.700000033608375816e-07 4.700000033608375816e-07 4.700000033608375816e-07 4.700000033608375816e-07 4.700000033608375816e-07 4.700000033608375816e-07 4.700000033608375816e-07 4.700000033608375816e-07 4.700000033608375816e-07
4.700000033608375816e-07 4.700000033608375816e-07 4.700000033608375816e-07 4.700000033608375816e-07 4.700000033608375816e-07 4.700000033608375816e-07 4.700000033608375816e-07 4.700000033608375816e-07 4.700000033608375816e-07 4.700000033608375816e-07 4.700000033608375816e-07 4.700000033608375816e-07 4.700000033608375816e-07 4.700000033608375816e-07 4.700000033608375816e-07 4.700000033608375816e-07 4.700000033608375816e-07 4.700000033608375816e-07 4.700000033608375816e-07 4.700000033608375816e-07 4.700000033608375816e-07 4.700000033608375816e-07 4.700000033608375816e-07
