6.099999723119253758e-07 6.099999723119253758e-07 6.099999723119253758e-07 6.099999723119253758e-07 6.099999723119253758e-07 6.099999723119253758e-07 6.099999723119253758e-07 6.099999723119253758e-07 6.099999723119253758e-07 6.099999723119253758e-07 6.099999723119253758e-07 6.099999723119253758e-07 6.099999723119253758e-07 6.099999723119253758e-07 6.099999723119253758e-07 6.099999723119253758e-07 6.099999723119253758e-07 6.099999723119253758e-07 6.099999723119253758e-07 6.099999723119253758e-07 6.099999723119253758e-07 6.099999723119253758e-07 6.099999723119253758e-07
6.099999723119253758e-07 6.099999723119253758e-07 6.099999723119253758e-07 6.099999723119253758e-07 6.099999723119253758e-07 6.099999723119253758e-07 6.099999723119253758e-07 6.099999723119253758e-07 6.099999723119253758e-07 6.099999723119253758e-07 6.099999723119253758e-07 6.796893785576685332e-07 6.099999723119253758e-07 6.099999723119253758e-07 6.099999723119253758e-07 6.099999723119253758e-07 6.099999723119253758e-07 6.099999723119253758e-07 6.099999723119253758e-07 6.099999723119253758e-07 6.099999723119253758e-07 6.099999723119253758e-07 6.099999723119253758e-07
6.099999723119253758e-07 6.099999723119253758e-07 6.099999723119253758e-07 6.099999723119253758e-07 6.099999723119253758e-07 6.099999723119253758e-07 6.099999723119253758e-07 1.656536596783553250e-08 3.034330120499362238e-08 3.295086798971169628e-07 7.407714974760892801e-07 1.052695324688102119e-06 1.105755700336885639e-06 8.919660103856585920e-07 5.617438318950007670e-07 2.472662856689566979e-07 6.099999723119253758e-07 6.099999723119253758e-07 6.099999723119253758e-07 6.099999723119253758e-07 6.099999723119253758e-07 6.099999723119253758e-07 6.099999723119253758e-07
6.099999723119253758e-07 6.099999723119253758e-07 6.099999723119253758e-07 6.099999723119253758e-07 6.099999723119253758e-07 5.350295850803377107e-07 3.076743269048165530e-07 2.810338628478348255e-07 4.304871197291504359e-07 7.796335808052390348e-07 1.220423996528552379e-06 1.538645051368803252e-06 1.541203346278052777e-06 1.193093339679762721e-06 6.831042469457315747e-07 3.482446118141524494e-07 3.975158620050933678e-07 3.860592414639540948e-07 6.099999723119253758e-07 6.099999723119253758e-07 6.099999723119253758e-07 6.099999723119253758e-07 6.099999723119253758e-07
6.099999723119253758e-07 6.099999723119253758e-07 6.099999723119253758e-07 6.099999723119253758e-07 8.024746875889832154e-07 8.620998528385825921e-07 8.790935908109531738e-07 7.955688943184213713e-07 8.232605637203960214e-07 1.080408992493175901e-06 1.485596612837980501e-06 1.814361894503235817e-06 1.835450575526920147e-06 1.454341145290527493e-06 8.021946769076748751e-07 2.186443737173249247e-07 8.682110319568892010e-08 4.887598379355040379e-07 6.587993084394838661e-07 6.099999723119253758e-07 6.099999723119253758e-07 6.099999723119253758e-07 6.099999723119253758e-07
6.099999723119253758e-07 6.099999723119253758e-07 6.099999723119253758e-07 9.189856200464419089e-07 1.185146402349346317e-06 1.463975650040083565e-06 1.349240164927323349e-06 1.062377577909501269e-06 9.149606512437458150e-07 1.055510665537440218e-06 1.414627149642910808e-06 1.773038547980831936e-06 1.887556891233543865e-06 1.620031298443791457e-06 1.024258153847767971e-06 3.553907959030766506e-07 0.000000000000000000e+00 1.399134816892910749e-07 6.510834396067366470e-07 3.886858053192554507e-07 6.099999723119253758e-07 6.099999723119253758e-07 6.099999723119253758e-07
6.099999723119253758e-07 6.099999723119253758e-07 6.099999723119253758e-07 1.112853169615846127e-06 1.681235289652249776e-06 1.825678509703720920e-06 1.508723698862013407e-06 1.058617840499209706e-06 7.901081744421389885e-07 8.394727615268493537e-07 1.144901489169569686e-06 1.513323923063580878e-06 1.724489720800193027e-06 1.632572775633889250e-06 1.234751607626094483e-06 6.851702778476465028e-07 2.413425193026341731e-07 1.384890992994769476e-07 3.954422140850510914e-07 5.636499054162413813e-07 6.099999723119253758e-07 6.099999723119253758e-07 6.099999723119253758e-07
6.099999723119253758e-07 6.099999723119253758e-07 1.026413769977807533e-06 1.476308852943475358e-06 1.928130814121686853e-06 1.870330606834613718e-06 1.437686933059012517e-06 9.481531151322997175e-07 6.560518954756844323e-07 6.580162903446762357e-07 8.976501248980639502e-07 1.224191237270133570e-06 1.469528911002271343e-06 1.516708607596228831e-06 1.341603137916536070e-06 1.017696945382340346e-06 6.819462896601180546e-07 4.674334093124343781e-07 4.160243065598479006e-07 3.914725539289065637e-07 2.038490265476866625e-08 6.099999723119253758e-07 6.099999723119253758e-07
6.099999723119253758e-07 6.099999723119253758e-07 1.248299895451054908e-06 1.691381839918904006e-06 1.897057472888263874e-06 1.700611164778820239e-06 1.283800884266383946e-06 8.860503157848143019e-07 6.665595151389425155e-07 6.669523031632706989e-07 8.329961929121054709e-07 1.062584146893641446e-06 1.255564484381466173e-06 1.349138528894400224e-06 1.330422264800290577e-06 1.225378809976973571e-06 1.070687403625925072e-06 8.822021868581941817e-07 6.404915211533079855e-07 3.205172731668426422e-07 0.000000000000000000e+00 6.099999723119253758e-07 6.099999723119253758e-07
6.099999723119253758e-07 6.099999723119253758e-07 1.484802282902819570e-06 1.719844249237212352e-06 1.692800651653669775e-06 1.447082922823028639e-06 1.146602926382911392e-06 9.267293421544309240e-07 8.429618105765257496e-07 8.778749815974151716e-07 9.751333891472313553e-07 1.077376737157464959e-06 1.152510549218277447e-06 1.200407041324069723e-06 1.239241669281909708e-06 1.277640649277600460e-06 1.285504367842804641e-06 1.182815822176053189e-06 8.719001698409556411e-07 3.445285585712554166e-07 0.000000000000000000e+00 6.099999723119253758e-07 6.099999723119253758e-07
6.099999723119253758e-07 6.099999723119253758e-07 1.607307240192312747e-06 1.633163947190041654e-06 1.441581616745679639e-06 1.204341742777614854e-06 1.050421360559994355e-06 1.021300136017089244e-06 1.083677034330321476e-06 1.168784820038126782e-06 1.215079237226746045e-06 1.198415475300862454e-06 1.140904601015790831e-06 1.096447022064239718e-06 1.117504552894388326e-06 1.213953510159626603e-06 1.320908268098719418e-06 1.298163283536268864e-06 9.894235972751630470e-07 3.747397556708165212e-07 0.000000000000000000e+00 6.099999723119253758e-07 6.099999723119253758e-07
6.099999723119253758e-07 1.092465026886202395e-06 1.582151071488624439e-06 1.510353172307077330e-06 1.239093762706033885e-06 1.023934373733936809e-06 9.737648269947385415e-07 1.072910094990220387e-06 1.233890316143515520e-06 1.356357756776560564e-06 1.374673729515052401e-06 1.283261781281908043e-06 1.135283582698320970e-06 1.016345891002856661e-06 1.000829797703772783e-06 1.104076090996386483e-06 1.249024307981017046e-06 1.271022256332798861e-06 9.893683454720303416e-07 3.787457103499036748e-07 0.000000000000000000e+00 8.780486950854538009e-07 6.099999723119253758e-07
6.099999723119253758e-07 6.099999723119253758e-07 1.386167923556058668e-06 1.382169557473389432e-06 1.129731572291348130e-06 9.296489338339597452e-07 8.973607918960624374e-07 1.010866185424674768e-06 1.176737328023591544e-06 1.293805325985886157e-06 1.300368921874905936e-06 1.196790435642469674e-06 1.041095856635365635e-06 9.206917752635490615e-07 9.085412102649570443e-07 1.017114527712692507e-06 1.168144422081240918e-06 1.200662268274754751e-06 9.439887662665569223e-07 3.862788844344322570e-07 0.000000000000000000e+00 6.099999723119253758e-07 6.099999723119253758e-07
6.099999723119253758e-07 6.099999723119253758e-07 9.915864893628167920e-07 1.210125674333539791e-06 1.095687366614583880e-06 9.260799060939461924e-07 8.359767207366530783e-07 8.448977837360871490e-07 9.055943905877938960e-07 9.541722647554706782e-07 9.488957175562973134e-07 8.899761496650171466e-07 8.177332802006276324e-07 7.913569106676732190e-07 8.550667303097725380e-07 1.002777139547106344e-06 1.156431039817107376e-06 1.176952309833723120e-06 9.303000183535914402e-07 4.343785064975236310e-07 1.155641484729130752e-07 6.099999723119253758e-07 6.099999723119253758e-07
6.099999723119253758e-07 6.099999723119253758e-07 4.415657883782841964e-07 9.074635727301938459e-07 1.050931246027175803e-06 9.853448545982246287e-07 8.307653160954941995e-07 6.701800430164439604e-07 5.439778760774061084e-07 4.634530341718345881e-07 4.290855883937183535e-07 4.440406655703554861e-07 5.177587922844395507e-07 6.586849394807359204e-07 8.590937454755476210e-07 1.078619106920086779e-06 1.236490788869559765e-06 1.225608230015495792e-06 9.644517149354214780e-07 5.054436087448266335e-07 2.207210059168573935e-07 6.099999723119253758e-07 6.099999723119253758e-07
6.099999723119253758e-07 6.099999723119253758e-07 6.733290547344950028e-08 4.365558368135680212e-07 8.600456453677907120e-07 1.019442947836068925e-06 8.991480058284651022e-07 6.116518989074393176e-07 2.951103965642687399e-07 6.112236405897419900e-08 0.000000000000000000e+00 5.462646868181764148e-08 2.785376977954001632e-07 5.958472684142179787e-07 9.357933095088810660e-07 1.216151190419623163e-06 1.353250354441115633e-06 1.278584136343852151e-06 9.692392950455541722e-07 5.013227450945123564e-07 1.372492306472850032e-07 6.099999723119253758e-07 6.099999723119253758e-07
6.099999723119253758e-07 6.099999723119253758e-07 6.099999723119253758e-07 5.319878937370958738e-08 4.355358385055296822e-07 8.770305726102378685e-07 9.681718893261859193e-07 7.227323521874495782e-07 3.274324456015165197e-07 0.000000000000000000e+00 0.000000000000000000e+00 0.000000000000000000e+00 2.572857056293287314e-07 6.725728098899708129e-07 1.067518724084948190e-06 1.326420601799327414e-06 1.372953079226135742e-06 1.186635017802473158e-06 8.029979881030158140e-07 2.949096824522712268e-07 6.099999723119253758e-07 6.099999723119253758e-07 6.099999723119253758e-07
6.099999723119253758e-07 6.099999723119253758e-07 6.099999723119253758e-07 8.128982926791650243e-07 9.515758847555844113e-09 4.433201752362947445e-07 8.548558980692178011e-07 8.887641342880669981e-07 6.352065042847243603e-07 3.281362808138510445e-07 1.688099473540205508e-07 2.456473566780914553e-07 5.239969027570623439e-07 8.815569003672862891e-07 1.167130221801926382e-06 1.262063960894010961e-06 1.125131461776618380e-06 8.027686817513313144e-07 3.874577032547676936e-07 0.000000000000000000e+00 6.099999723119253758e-07 6.099999723119253758e-07 6.099999723119253758e-07
6.099999723119253758e-07 6.099999723119253758e-07 6.099999723119253758e-07 6.099999723119253758e-07 7.266190777954761870e-07 0.000000000000000000e+00 4.032813478715979727e-07 8.293995392705255654e-07 9.548886055199545808e-07 8.837166660669026896e-07 8.051848112700099591e-07 8.331484195878147148e-07 9.588287639417103492e-07 1.080610900316969492e-06 1.075495674740523100e-06 8.778816322774218861e-07 5.321023763826815411e-07 1.856343772033142159e-07 0.000000000000000000e+00 6.099999723119253758e-07 6.099999723119253758e-07 6.099999723119253758e-07 6.099999723119253758e-07
6.099999723119253758e-07 6.099999723119253758e-07 6.099999723119253758e-07 6.099999723119253758e-07 6.099999723119253758e-07 8.225403576034295838e-07 0.000000000000000000e+00 3.466796556494955439e-07 8.681327017256990075e-07 1.183538415716611780e-06 1.309652020609064493e-06 1.322229309153044596e-06 1.241287691300385632e-06 1.032028876579715870e-06 6.707829811603005510e-07 2.256853122162283398e-07 0.000000000000000000e+00 8.988081390270963311e-10 6.099999723119253758e-07 6.099999723119253758e-07 6.099999723119253758e-07 6.099999723119253758e-07 6.099999723119253758e-07
6.099999723119253758e-07 6.099999723119253758e-07 6.099999723119253758e-07 6.099999723119253758e-07 6.099999723119253758e-07 6.099999723119253758e-07 6.099999723119253758e-07 2.675864152479334734e-08 2.811296440086152870e-07 8.149462473738822155e-07 1.177561784970748704e-06 1.259306145584559999e-06 1.067985635927470867e-06 6.677190071968652774e-07 2.118713666732219281e-07 1.535056526336120442e-09 6.099999723119253758e-07 6.099999723119253758e-07 6.099999723119253758e-07 6.099999723119253758e-07 6.099999723119253758e-07 6.099999723119253758e-07 6.099999723119253758e-07
6.099999723119253758e-07 6.099999723119253758e-07 6.099999723119253758e-07 6.099999723119253758e-07 6.099999723119253758e-07 6.099999723119253758e-07 6.099999723119253758e-07 6.099999723119253758e-07 6.099999723119253758e-07 6.099999723119253758e-07 6.099999723119253758e-07 7.841625233595550526e-07 6.099999723119253758e-07 6.099999723119253758e-07 6.099999723119253758e-07 6.099999723119253758e-07 6.099999723119253758e-07 6.099999723119253758e-07 6.099999723119253758e-07 6.099999723119253758e-07 6.099999723119253758e-07 6.099999723119253758e-07 6.099999723119253758e-07
6.099999723119253758e-07 6.099999723119253758e-07 6.099999723119253758e-07 6.099999723119253758e-07 6.099999723119253758e-07 6.099999723119253758e-07 6.099999723119253758e-07 6.099999723119253758e-07 6.099999723119253758e-07 6.099999723119253758e-07 6.099999723119253758e-07 6.099999723119253758e-07 6.099999723119253758e-07 6.099999723119253758e-07 6.099999723119253758e-07 6.099999723119253758e-07 6.099999723119253758e-07 6.099999723119253758e-07 6.099999723119253758e-07 6.099999723119253758e-07 6.099999723119253758e-07 6.099999723119253758e-07 6.099999723119253758e-07
