5.300000225361145567e-07 5.300000225361145567e-07 5.300000225361145567e-07 5.300000225361145567e-07 5.300000225361145567e-07 5.300000225361145567e-07 5.300000225361145567e-07 5.300000225361145567e-07 5.300000225361145567e-07 5.300000225361145567e-07 5.300000225361145567e-07 5.300000225361145567e-07 5.300000225361145567e-07 5.300000225361145567e-07 5.300000225361145567e-07 5.300000225361145567e-07 5.300000225361145567e-07 5.300000225361145567e-07 5.300000225361145567e-07 5.300000225361145567e-07 5.300000225361145567e-07 5.300000225361145567e-07 5.300000225361145567e-07
5.300000225361145567e-07 5.300000225361145567e-07 5.300000225361145567e-07 5.300000225361145567e-07 5.300000225361145567e-07 5.300000225361145567e-07 5.300000225361145567e-07 5.300000225361145567e-07 5.300000225361145567e-07 5.300000225361145567e-07 5.300000225361145567e-07 1.621420551600749604e-06 5.300000225361145567e-07 5.300000225361145567e-07 5.300000225361145567e-07 5.300000225361145567e-07 5.300000225361145567e-07 5.300000225361145567e-07 5.300000225361145567e-07 5.300000225361145567e-07 5.300000225361145567e-07 5.300000225361145567e-07 5.300000225361145567e-07
5.300000225361145567e-07 5.300000225361145567e-07 5.300000225361145567e-07 5.300000225361145567e-07 5.300000225361145567e-07 5.300000225361145567e-07 5.300000225361145567e-07 6.670876473435782827e-07 1.045527142196078785e-06 1.299272298638243228e-06 1.433355009794468060e-06 1.416899749528965913e-06 1.304266561419353820e-06 1.214737267218879424e-06 1.261665829588309862e-06 1.525783545730519108e-06 5.300000225361145567e-07 5.300000225361145567e-07 5.300000225361145567e-07 5.300000225361145567e-07 5.300000225361145567e-07 5.300000225361145567e-07 5.300000225361145567e-07
5.300000225361145567e-07 5.300000225361145567e-07 5.300000225361145567e-07 5.300000225361145567e-07 5.300000225361145567e-07 8.309353916047257371e-07 1.376838667965785135e-06 1.462763293602620251e-06 1.649978003115393221e-06 1.885985511762555689e-06 1.981983132282039151e-06 1.847520024966797791e-06 1.543418193250545301e-06 1.218662191604380496e-06 1.001472128336899914e-06 9.190189302898943424e-07 9.243528893421171233e-07 1.113007101594121195e-06 5.300000225361145567e-07 5.300000225361145567e-07 5.300000225361145567e-07 5.300000225361145567e-07 5.300000225361145567e-07
5.300000225361145567e-07 5.300000225361145567e-07 5.300000225361145567e-07 5.300000225361145567e-07 1.097469407795870211e-06 1.529983819636981934e-06 1.211862581840250641e-06 1.133724481405806728e-06 1.384237748425221071e-06 1.710641754470998421e-06 1.860146085164160468e-06 1.738603486955980770e-06 1.428241489520587493e-06 1.111410483645158820e-06 9.523179755888122600e-07 9.935143907568999566e-07 1.128510120906867087e-06 1.216322289110394195e-06 1.407976583323033992e-06 5.300000225361145567e-07 5.300000225361145567e-07 5.300000225361145567e-07 5.300000225361145567e-07
5.300000225361145567e-07 5.300000225361145567e-07 5.300000225361145567e-07 5.394673507908009924e-07 1.606263822395703755e-06 1.092331331165041775e-06 5.926904123043641448e-07 5.669328970725473482e-07 8.950567575993773062e-07 1.270266238861950114e-06 1.441730546503094956e-06 1.326406845691963099e-06 1.014914687402779236e-06 7.021870942480745725e-07 5.791219450657081325e-07 7.267969408530916553e-07 1.059943997461232357e-06 1.371318262499698903e-06 1.533353952254401520e-06 1.918050884341937490e-06 5.300000225361145567e-07 5.300000225361145567e-07 5.300000225361145567e-07
5.300000225361145567e-07 5.300000225361145567e-07 5.300000225361145567e-07 1.341288225376047194e-06 1.332691113020700868e-06 6.435152499761898071e-07 2.153696527784632053e-07 2.578017017640377162e-07 6.022426077834097669e-07 9.666342748460010625e-07 1.128413146034290548e-06 1.010144501378817949e-06 6.885293259983882308e-07 3.437446025600365829e-07 1.721148237265879288e-07 2.909702914166700793e-07 6.702022687932185363e-07 1.130492023548868019e-06 1.453466666134772822e-06 1.654113930271705613e-06 5.300000225361145567e-07 5.300000225361145567e-07 5.300000225361145567e-07
5.300000225361145567e-07 5.300000225361145567e-07 0.000000000000000000e+00 1.341536517429631203e-06 1.102722762880148366e-06 5.292148443913902156e-07 2.058335155652457615e-07 2.601222206521924818e-07 5.597211156782577746e-07 8.810546887616510503e-07 1.034181650538812391e-06 9.358018360217101872e-07 6.293635692600219045e-07 2.579777174105402082e-07 2.408967247902182862e-09 2.787203357001999393e-09 2.888710639581404394e-07 7.496764737879857421e-07 1.179088712888187729e-06 1.439675997971789911e-06 1.792336661310400814e-06 5.300000225361145567e-07 5.300000225361145567e-07
5.300000225361145567e-07 5.300000225361145567e-07 4.311793873057467863e-07 1.232735939993290231e-06 1.069005975296022370e-06 6.478842351498315111e-07 3.747904031570215011e-07 3.804241259786067531e-07 6.008120863043586724e-07 8.763144023760105483e-07 1.044116288539953530e-06 1.006398520075890701e-06 7.638516876795620192e-07 4.114890543860383332e-07 1.007950345410790760e-07 0.000000000000000000e+00 1.241701284016016871e-07 4.971369094164401758e-07 9.459649845666717738e-07 1.294344656344037503e-06 1.559586735311313532e-06 5.300000225361145567e-07 5.300000225361145567e-07
5.300000225361145567e-07 5.300000225361145567e-07 5.924619586039625574e-07 1.170340055978158489e-06 1.103249815059825778e-06 7.675816959817893803e-07 4.812670795217854902e-07 4.056088016568537569e-07 5.425154654403741006e-07 7.854616796976188198e-07 9.908726497087627649e-07 1.044827854457253125e-06 9.079739129447261803e-07 6.293431624726508744e-07 3.273891593380540144e-07 1.439705670236435253e-07 1.842449819378089160e-07 4.624692166999011533e-07 8.805501465758425184e-07 1.272837948818050791e-06 1.557117911943350919e-06 5.300000225361145567e-07 5.300000225361145567e-07
5.300000225361145567e-07 5.300000225361145567e-07 7.376518738055892754e-07 1.120603201343328692e-06 1.061522198142483830e-06 7.330941684813296888e-07 4.019376831365661928e-07 2.509223122615367174e-07 3.247236293191235745e-07 5.510894425242440775e-07 7.991928896444733255e-07 9.451667892790283076e-07 9.234320259565720335e-07 7.507637747039552778e-07 5.181769324735796545e-07 3.536557358074787771e-07 3.665051053758361377e-07 5.916637064729002304e-07 9.596830068403505720e-07 1.325254515904816799e-06 1.594150944583816454e-06 5.300000225361145567e-07 5.300000225361145567e-07
5.300000225361145567e-07 1.025393544296093751e-06 9.131543947660247795e-07 1.046874785970430821e-06 9.043120030582940672e-07 5.402149554356583394e-07 1.770069388840056490e-07 0.000000000000000000e+00 3.968290229749982245e-08 2.610812259717931738e-07 5.339552444638684392e-07 7.364182010860531591e-07 7.979367637744871899e-07 7.243643835863622371e-07 5.912202141189482063e-07 5.080337359686382115e-07 5.648504952660005074e-07 7.800771300026099198e-07 1.076738044503144920e-06 1.321910531260073185e-06 1.471615178161300719e-06 1.870754203991964459e-06 5.300000225361145567e-07
5.300000225361145567e-07 5.300000225361145567e-07 1.080213905879645608e-06 9.633480431148200296e-07 6.993666374910390005e-07 3.030802133707766188e-07 0.000000000000000000e+00 0.000000000000000000e+00 0.000000000000000000e+00 8.737262646718590986e-08 3.507406631797493901e-07 5.490041417033353355e-07 6.301705752775887959e-07 6.126317089183430653e-07 5.703077476937323809e-07 5.915071028539387044e-07 7.254135425682761706e-07 9.387227350998728070e-07 1.113360895033110864e-06 1.124443883782078046e-06 1.045664362209208775e-06 5.300000225361145567e-07 5.300000225361145567e-07
5.300000225361145567e-07 5.300000225361145567e-07 1.130947339333943091e-06 9.068748454410524573e-07 5.597859740191779565e-07 1.678202465882350225e-07 0.000000000000000000e+00 0.000000000000000000e+00 0.000000000000000000e+00 1.731681322780787013e-07 3.896750513376900926e-07 5.189914418224361725e-07 5.475368993757001590e-07 5.258103215055598412e-07 5.371445013224729337e-07 6.453564083130913787e-07 8.405248763665440492e-07 1.011256358651735354e-06 9.807383776205824688e-07 6.526266247419698630e-07 3.213631316612008959e-07 5.300000225361145567e-07 5.300000225361145567e-07
5.300000225361145567e-07 5.300000225361145567e-07 8.427901434515661094e-07 8.773226909397635609e-07 5.726083145418670028e-07 2.314241953627060866e-07 5.858038321093772538e-08 1.067102175511536188e-07 3.058990500903746579e-07 5.312348321240278892e-07 6.733687314408598468e-07 6.879781722091138363e-07 6.106412229200941510e-07 5.340579036783310585e-07 5.547783530346350744e-07 7.066440161906939466e-07 9.079876690520904958e-07 9.592978358341497369e-07 6.375089469656813890e-07 0.000000000000000000e+00 0.000000000000000000e+00 5.300000225361145567e-07 5.300000225361145567e-07
5.300000225361145567e-07 5.300000225361145567e-07 0.000000000000000000e+00 7.751346515760815237e-07 7.541802915511652827e-07 5.086562282485829201e-07 4.173929539774690056e-07 5.509811558113142382e-07 8.017623827072384302e-07 1.011378572002286091e-06 1.068141955329338089e-06 9.578227491147117689e-07 7.625859552717884071e-07 6.137598234090546612e-07 6.148711690912023187e-07 7.619424877702840604e-07 8.984219448393560015e-07 7.522869509557494894e-07 1.128532574057317106e-07 0.000000000000000000e+00 0.000000000000000000e+00 5.300000225361145567e-07 5.300000225361145567e-07
5.300000225361145567e-07 5.300000225361145567e-07 5.300000225361145567e-07 3.212036858712963294e-07 1.027953999255259987e-06 9.520982757749152370e-07 8.687090939929476008e-07 9.850662081589689478e-07 1.210118398375925608e-06 1.368976768389984500e-06 1.344382212664640974e-06 1.138941115641500801e-06 8.635885819785471540e-07 6.692086458315316122e-07 6.496177320514107123e-07 7.552035867774975486e-07 7.674060498175094835e-07 3.949254221424780553e-07 0.000000000000000000e+00 0.000000000000000000e+00 5.300000225361145567e-07 5.300000225361145567e-07 5.300000225361145567e-07
5.300000225361145567e-07 5.300000225361145567e-07 5.300000225361145567e-07 0.000000000000000000e+00 1.158000941359205171e-06 1.470925553803681396e-06 1.331863359155249782e-06 1.286250153498258442e-06 1.364896661470993422e-06 1.418520582774362992e-06 1.326841129412059672e-06 1.088739281840389594e-06 8.121635346469702199e-07 6.344617418108100537e-07 6.156145104796451051e-07 6.584596121683716774e-07 5.214129714659065939e-07 4.115463525522500277e-10 0.000000000000000000e+00 1.670568963163532317e-07 5.300000225361145567e-07 5.300000225361145567e-07 5.300000225361145567e-07
5.300000225361145567e-07 5.300000225361145567e-07 5.300000225361145567e-07 5.300000225361145567e-07 4.874748924521554727e-07 1.812850086935213767e-06 1.736472768243402243e-06 1.450506260880501941e-06 1.281688582821516320e-06 1.186482222692575306e-06 1.058925363395246677e-06 8.728851526029757224e-07 6.931240363883262035e-07 6.021023182256612927e-07 6.017705231897707563e-07 5.617310989691759460e-07 2.970969319449068280e-07 0.000000000000000000e+00 2.291842520207865164e-07 5.300000225361145567e-07 5.300000225361145567e-07 5.300000225361145567e-07 5.300000225361145567e-07
5.300000225361145567e-07 5.300000225361145567e-07 5.300000225361145567e-07 5.300000225361145567e-07 5.300000225361145567e-07 1.070789039658848196e-06 1.703061798252747394e-06 1.405974330737080891e-06 1.067774974217172712e-06 8.864885785442311317e-07 8.165886242750275414e-07 7.965598456394218374e-07 8.099846127151977271e-07 8.458275715383933857e-07 8.364432915186625905e-07 6.644829113611194771e-07 3.423460270823852625e-07 4.800891701961518265e-07 5.300000225361145567e-07 5.300000225361145567e-07 5.300000225361145567e-07 5.300000225361145567e-07 5.300000225361145567e-07
5.300000225361145567e-07 5.300000225361145567e-07 5.300000225361145567e-07 5.300000225361145567e-07 5.300000225361145567e-07 5.300000225361145567e-07 5.300000225361145567e-07 2.452045464451657608e-07 3.126299930045206565e-07 4.267428437287890119e-07 6.972754817979875952e-07 1.045553972289781086e-06 1.354957475996343419e-06 1.502291524957399815e-06 1.370363861497025937e-06 9.552444453220232390e-07 5.300000225361145567e-07 5.300000225361145567e-07 5.300000225361145567e-07 5.300000225361145567e-07 5.300000225361145567e-07 5.300000225361145567e-07 5.300000225361145567e-07
5.300000225361145567e-07 5.300000225361145567e-07 5.300000225361145567e-07 5.300000225361145567e-07 5.300000225361145567e-07 5.300000225361145567e-07 5.300000225361145567e-07 5.300000225361145567e-07 5.300000225361145567e-07 5.300000225361145567e-07 5.300000225361145567e-07 5.481046514432819095e-07 5.300000225361145567e-07 5.300000225361145567e-07 5.300000225361145567e-07 5.300000225361145567e-07 5.300000225361145567e-07 5.300000225361145567e-07 5.300000225361145567e-07 5.300000225361145567e-07 5.300000225361145567e-07 5.300000225361145567e-07 5.300000225361145567e-07
5.300000225361145567e-07 5.300000225361145567e-07 5.300000225361145567e-07 5.300000225361145567e-07 5.300000225361145567e-07 5.300000225361145567e-07 5.300000225361145567e-07 5.300000225361145567e-07 5.300000225361145567e-07 5.300000225361145567e-07 5.300000225361145567e-07 5.300000225361145567e-07 5.300000225361145567e-07 5.300000225361145567e-07 5.300000225361145567e-07 5.300000225361145567e-07 5.300000225361145567e-07 5.300000225361145567e-07 5.300000225361145567e-07 5.300000225361145567e-07 5.300000225361145567e-07 5.300000225361145567e-07 5.300000225361145567e-07
