6.099999723119253758e-07 6.099999723119253758e-07 6.099999723119253758e-07 6.099999723119253758e-07 6.099999723119253758e-07 6.099999723119253758e-07 6.099999723119253758e-07 6.099999723119253758e-07 6.099999723119253758e-07 6.099999723119253758e-07 6.099999723119253758e-07 6.099999723119253758e-07 6.099999723119253758e-07 6.099999723119253758e-07 6.099999723119253758e-07 6.099999723119253758e-07 6.099999723119253758e-07 6.099999723119253758e-07 6.099999723119253758e-07 6.099999723119253758e-07 6.099999723119253758e-07 6.099999723119253758e-07 6.099999723119253758e-07
6.099999723119253758e-07 6.099999723119253758e-07 6.099999723119253758e-07 6.099999723119253758e-07 6.099999723119253758e-07 6.099999723119253758e-07 6.099999723119253758e-07 6.099999723119253758e-07 6.099999723119253758e-07 6.099999723119253758e-07 6.099999723119253758e-07 6.796893785576685332e-07 6.099999723119253758e-07 6.099999723119253758e-07 6.099999723119253758e-07 6.099999723119253758e-07 6.099999723119253758e-07 6.099999723119253758e-07 6.099999723119253758e-07 6.099999723119253758e-07 6.099999723119253758e-07 6.099999723119253758e-07 6.099999723119253758e-07
6.099999723119253758e-07 6.099999723119253758e-07 6.099999723119253758e-07 6.099999723119253758e-07 6.099999723119253758e-07 6.099999723119253758e-07 6.099999723119253758e-07 1.656536596783553250e-08 3.034330120499362238e-08 3.295086798971169628e-07 7.407714974760892801e-07 1.052695324688102119e-06 1.105755700336885639e-06 8.919660103856585920e-07 5.617438318950007670e-07 2.472662856689566979e-07 6.099999723119253758e-07 6.099999723119253758e-07 6.099999723119253758e-07 6.099999723119253758e-07 6.099999723119253758e-07 6.099999723119253758e-07 6.099999723119253758e-07
6.099999723119253758e-07 6.099999723119253758e-07 6.099999723119253758e-07 6.099999723119253758e-07 6.099999723119253758e-07 5.350295850803377107e-07 3.076743269048165530e-07 2.810338628478348255e-07 4.304871197291504359e-07 7.796335808052390348e-07 1.220423996528552379e-06 1.538645051368803252e-06 1.541203346278052777e-06 1.193093339679762721e-06 6.831042469457315747e-07 3.482446118141524494e-07 3.975158620050933678e-07 3.860592414639540948e-07 6.099999723119253758e-07 6.099999723119253758e-07 6.099999723119253758e-07 6.099999723119253758e-07 6.099999723119253758e-07
6.099999723119253758e-07 6.099999723119253758e-07 6.099999723119253758e-07 6.099999723119253758e-07 8.024746875889832154e-07 8.620998528385825921e-07 8.790935908109531738e-07 7.955688943184213713e-07 8.232605637203960214e-07 1.080408992493175901e-06 1.485596612837980501e-06 1.814361894503235817e-06 1.835450575526920147e-06 1.454341145290527493e-06 8.021946769076748751e-07 2.186443737173249247e-07 8.682110319568892010e-08 4.887598379355040379e-07 6.587993084394838661e-07 6.099999723119253758e-07 6.099999723119253758e-07 6.099999723119253758e-07 6.099999723119253758e-07
6.099999723119253758e-07 6.099999723119253758e-07 6.099999723119253758e-07 9.189856200464419089e-07 1.185146402349346317e-06 1.463975650040083565e-06 1.349240164927323349e-06 1.062377577909501269e-06 9.149606512437458150e-07 1.055510665537440218e-06 1.414627149642910808e-06 1.773038547980831936e-06 1.887556891233543865e-06 1.620031298443791457e-06 1.024258153847767971e-06 3.553907959030766506e-07 0.000000000000000000e+00 1.399134816892910749e-07 6.510834396067366470e-07 3.886858053192554507e-07 6.099999723119253758e-07 6.099999723119253758e-07 6.099999723119253758e-07
6.099999723119253758e-07 6.099999723119253758e-07 6.099999723119253758e-07 1.112853169615846127e-06 1.681235289652249776e-06 1.825678509703720920e-06 1.508723698862013407e-06 1.058617840499209706e-06 7.901081744421389885e-07 8.394727615268493537e-07 1.144901489169569686e-06 1.513323923063580878e-06 1.724489720800193027e-06 1.632572775633889250e-06 1.234751607626094483e-06 6.851702778476465028e-07 2.413425193026341731e-07 1.384890992994769476e-07 3.954422140850510914e-07 5.636499054162413813e-07 6.099999723119253758e-07 6.099999723119253758e-07 6.099999723119253758e-07
6.099999723119253758e-07 6.099999723119253758e-07 1.026413769977807533e-06 1.476308852943475358e-06 1.928130814121686853e-06 1.870330606834613718e-06 1.437686933059012517e-06 9.481531151322997175e-07 6.560518954756844323e-07 6.580162903446762357e-07 8.976501248980639502e-07 1.224191237270133570e-06 1.469528911002271343e-06 1.516708607596228831e-06 1.341603137916536070e-06 1.017696945382340346e-06 6.819462896601180546e-07 4.674334093124343781e-07 4.160243065598479006e-07 3.914725539289065637e-07 2.038490265476866625e-08 6.099999723119253758e-07 6.099999723119253758e-07
6.099999723119253758e-07 6.099999723119253758e-07 1.248299895451054908e-06 1.691381839918904006e-06 1.897057472888263874e-06 1.700611164778820239e-06 1.283800884266383946e-06 8.860503157848143019e-07 6.665595151389425155e-07 6.669523031632706989e-07 8.329961929121054709e-07 1.062584146893641446e-06 1.255564484381466173e-06 1.349138528894400224e-06 1.330422264800290577e-06 1.225378809976973571e-06 1.070687403625925072e-06 8.822021868581941817e-07 6.404915211533079855e-07 3.205172731668426422e-07 0.000000000000000000e+00 6.099999723119253758e-07 6.099999723119253758e-07
6.099999723119253758e-07 6.099999723119253758e-07 1.484802282902819570e-06 1.719844249237212352e-06 1.692800651653669775e-06 1.447082922823028639e-06 1.146602926382911392e-06 9.267293421544309240e-07 8.429618105765257496e-07 8.778749815974151716e-07 9.751333891472313553e-07 1.077376737157464959e-06 1.152510549218277447e-06 1.200407041324069723e-06 1.239241669281909708e-06 1.277640649277600460e-06 1.285504367842804641e-06 1.182815822176053189e-06 8.719001698409556411e-07 3.445285585712554166e-07 0.000000000000000000e+00 6.099999723119253758e-07 6.099999723119253758e-07
6.099999723119253758e-07 6.099999723119253758e-07 1.607307240192312747e-06 1.633163947190041654e-06 1.441581616745679639e-06 1.204341742777614854e-06 1.050421360559994355e-06 1.021300136017089244e-06 1.083677034330321476e-06 1.168784820038126782e-06 1.215079237226746045e-06 1.198415475300862454e-06 1.140904601015790831e-06 1.096447022064239718e-06 1.117504552894388326e-06 1.213953510159626603e-06 1.320908268098719418e-06 1.298163283536268864e-06 9.894235972751630470e-07 3.747397556708165212e-07 0.000000000000000000e+00 6.099999723119253758e-07 6.099999723119253758e-07
6.099999723119253758e-07 1.092465026886202395e-06 1.582151071488624439e-06 1.510353172307077330e-06 1.239093762706033885e-06 1.023934373733936809e-06 9.737648269947385415e-07 1.072910094990220387e-06 1.233890316143515520e-06 1.356357756776560564e-06 1.374673729515052401e-06 1.283261781281908043e-06 1.135283582698320970e-06 1.016345891002856661e-06 1.000829797703772783e-06 1.104076090996386483e-06 1.249024307981017046e-06 1.271022256332798861e-06 9.893683454720303416e-07 3.787457103499036748e-07 0.000000000000000000e+00 8.780486950854538009e-07 6.099999723119253758e-07
6.099999723119253758e-07 6.099999723119253758e-07 1.386167923556058668e-06 1.382169557473389432e-06 1.129731572291348130e-06 9.296489338339597452e-07 8.973607918960624374e-07 1.010866185424674768e-06 1.176737328023591544e-06 1.293805325985886157e-06 1.300368921874905936e-06 1.196790435642469674e-06 1.041095856635365635e-06 9.206917752635490615e-07 9.085412102649570443e-07 1.017114527712692507e-06 1.168144422081240918e-06 1.200662268274754751e-06 9.439887662665569223e-07 3.862788844344322570e-07 0.000000000000000000e+00 6.099999723119253758e-07 6.099999723119253758e-07
6.099999723119253758e-07 6.099999723119253758e-07 9.915864893628167920e-07 1.210125674333539791e-06 1.095687366614583880e-06 9.260799060939461924e-07 8.359767207366530783e-07 8.448977837360871490e-07 9.055943905877938960e-07 9.541722647554706782e-07 9.488957175562973134e-07 8.899761496650171466e-07 8.177332802006276324e-07 7.913569106676732190e-07 8.550667303097725380e-07 1.002777139547106344e-06 1.156431039817107376e-06 1.176952309833723120e-06 9.303000183535914402e-07 4.343785064975236310e-07 1.155641484729130752e-07 6.099999723119253758e-07 6.099999723119253758e-07
6.099999723119253758e-07 6.099999723119253758e-07 4.415657883782841964e-07 9.074635727301938459e-07 1.050931246027175803e-06 9.853448545982246287e-07 8.307653160954941995e-07 6.701800430164439604e-07 5.439778760774061084e-07 4.634530341718345881e-07 4.290855883937183535e-07 4.440406655703554861e-07 5.177587922844395507e-07 6.586849394807359204e-07 8.590937454755476210e-07 1.078619106920086779e-06 1.236490788869559765e-06 1.225608230015495792e-06 9.644517149354214780e-07 5.054436087448266335e-07 2.207210059168573935e-07 6.099999723119253758e-07 6.099999723119253758e-07
6.099999723119253758e-07 6.099999723119253758e-07 6.733290547344950028e-08 4.365558368135680212e-07 8.600456453677907120e-07 1.019442947836068925e-06 8.991480058284651022e-07 6.116518989074393176e-07 2.951103965642687399e-07 6.112236405897419900e-08 0.000000000000000000e+00 5.462646868181764148e-08 2.785376977954001632e-07 5.958472684142179787e-07 9.357933095088810660e-07 1.216151190419623163e-06 1.353250354441115633e-06 1.278584136343852151e-06 9.692392950455541722e-07 5.013227450945123564e-07 1.372492306472850032e-07 6.099999723119253758e-07 6.099999723119253758e-07
6.099999723119253758e-07 6.099999723119253758e-07 6.099999723119253758e-07 5.319878937370958738e-08 4.355358385055296822e-07 8.770305726102378685e-07 9.681718893261859193e-07 7.227323521874495782e-07 3.274324456015165197e-07 0.000000000000000000e+00 0.000000000000000000e+00 0.000000000000000000e+00 2.572857056293287314e-07 6.725728098899708129e-07 1.067518724084948190e-06 1.326420601799327414e-06 1.372953079226135742e-06 1.186635017802473158e-06 8.029979881030158140e-07 2.949096824522712268e-07 6.099999723119253758e-07 6.099999723119253758e-07 6.099999723119253758e-07
6.099999723119253758e-07 6.099999723119253758e-07 6.099999723119253758e-07 8.128982926791650243e-07 9.515758847555844113e-09 4.433201752362947445e-07 8.548558980692178011e-07 8.887641342880669981e-07 6.352065042847243603e-07 3.281362808138510445e-07 1.688099473540205508e-07 2.456473566780914553e-07 5.239969027570623439e-07 8.815569003672862891e-07 1.167130221801926382e-06 1.262063960894010961e-06 1.125131461776618380e-06 8.027686817513313144e-07 3.874577032547676936e-07 0.000000000000000000e+00 6.099999723119253758e-07 6.099999723119253758e-07 6.099999723119253758e-07
6.099999723119253758e-07 6.099999723119253758e-07 6.099999723119253758e-07 6.099999723119253758e-07 7.266190777954761870e-07 0.000000000000000000e+00 4.032813478715979727e-07 8.293995392705255654e-07 9.548886055199545808e-07 8.837166660669026896e-07 8.051848112700099591e-07 8.331484195878147148e-07 9.588287639417103492e-07 1.080610900316969492e-06 1.075495674740523100e-06 8.778816322774218861e-07 5.321023763826815411e-07 1.856343772033142159e-07 0.000000000000000000e+00 6.099999723119253758e-07 6.099999723119253758e-07 6.099999723119253758e-07 6.099999723119253758e-07
6.099999723119253758e-07 6.099999723119253758e-07 6.099999723119253758e-07 6.099999723119253758e-07 6.099999723119253758e-07 8.225403576034295838e-07 0.000000000000000000e+00 3.466796556494955439e-07 8.681327017256990075e-07 1.183538415716611780e-06 1.309652020609064493e-06 1.322229309153044596e-06 1.241287691300385632e-06 1.032028876579715870e-06 6.707829811603005510e-07 2.256853122162283398e-07 0.000000000000000000e+00 8.988081390270963311e-10 6.099999723119253758e-07 6.099999723119253758e-07 6.099999723119253758e-07 6.099999723119253758e-07 6.099999723119253758e-07
6.099999723119253758e-07 6.099999723119253758e-07 6.099999723119253758e-07 6.099999723119253758e-07 6.099999723119253758e-07 6.099999723119253758e-07 6.099999723119253758e-07 2.675864152479334734e-08 2.811296440086152870e-07 8.149462473738822155e-07 1.177561784970748704e-06 1.259306145584559999e-06 1.067985635927470867e-06 6.677190071968652774e-07 2.118713666732219281e-07 1.535056526336120442e-09 6.099999723119253758e-07 6.099999723119253758e-07 6.099999723119253758e-07 6.099999723119253758e-07 6.099999723119253758e-07 6.099999723119253758e-07 6.099999723119253758e-07
6.099999723119253758e-07 6.099999723119253758e-07 6.099999723119253758e-07 6.099999723119253758e-07 6.099999723119253758e-07 6.099999723119253758e-07 6.099999723119253758e-07 6.099999723119253758e-07 6.099999723119253758e-07 6.099999723119253758e-07 6.099999723119253758e-07 7.841625233595550526e-07 6.099999723119253758e-07 6.099999723119253758e-07 6.099999723119253758e-07 6.099999723119253758e-07 6.099999723119253758e-07 6.099999723119253758e-07 6.099999723119253758e-07 6.099999723119253758e-07 6.099999723119253758e-07 6.099999723119253758e-07 6.099999723119253758e-07
6.099999723119253758e-07 6.099999723119253758e-07 6.099999723119253758e-07 6.099999723119253758e-07 6.099999723119253758e-07 6.099999723119253758e-07 6.099999723119253758e-07 6.099999723119253758e-07 6.099999723119253758e-07 6.099999723119253758e-07 6.099999723119253758e-07 6.099999723119253758e-07 6.099999723119253758e-07 6.099999723119253758e-07 6.099999723119253758e-07 6.099999723119253758e-07 6.099999723119253758e-07 6.099999723119253758e-07 6.099999723119253758e-07 6.099999723119253758e-07 6.099999723119253758e-07 6.099999723119253758e-07 6.099999723119253758e-07
5.300000225361145567e-07 5.300000225361145567e-07 5.300000225361145567e-07 5.300000225361145567e-07 5.300000225361145567e-07 5.300000225361145567e-07 5.300000225361145567e-07 5.300000225361145567e-07 5.300000225361145567e-07 5.300000225361145567e-07 5.300000225361145567e-07 5.300000225361145567e-07 5.300000225361145567e-07 5.300000225361145567e-07 5.300000225361145567e-07 5.300000225361145567e-07 5.300000225361145567e-07 5.300000225361145567e-07 5.300000225361145567e-07 5.300000225361145567e-07 5.300000225361145567e-07 5.300000225361145567e-07 5.300000225361145567e-07
5.300000225361145567e-07 5.300000225361145567e-07 5.300000225361145567e-07 5.300000225361145567e-07 5.300000225361145567e-07 5.300000225361145567e-07 5.300000225361145567e-07 5.300000225361145567e-07 5.300000225361145567e-07 5.300000225361145567e-07 5.300000225361145567e-07 1.621420551600749604e-06 5.300000225361145567e-07 5.300000225361145567e-07 5.300000225361145567e-07 5.300000225361145567e-07 5.300000225361145567e-07 5.300000225361145567e-07 5.300000225361145567e-07 5.300000225361145567e-07 5.300000225361145567e-07 5.300000225361145567e-07 5.300000225361145567e-07
5.300000225361145567e-07 5.300000225361145567e-07 5.300000225361145567e-07 5.300000225361145567e-07 5.300000225361145567e-07 5.300000225361145567e-07 5.300000225361145567e-07 6.670876473435782827e-07 1.045527142196078785e-06 1.299272298638243228e-06 1.433355009794468060e-06 1.416899749528965913e-06 1.304266561419353820e-06 1.214737267218879424e-06 1.261665829588309862e-06 1.525783545730519108e-06 5.300000225361145567e-07 5.300000225361145567e-07 5.300000225361145567e-07 5.300000225361145567e-07 5.300000225361145567e-07 5.300000225361145567e-07 5.300000225361145567e-07
5.300000225361145567e-07 5.300000225361145567e-07 5.300000225361145567e-07 5.300000225361145567e-07 5.300000225361145567e-07 8.309353916047257371e-07 1.376838667965785135e-06 1.462763293602620251e-06 1.649978003115393221e-06 1.885985511762555689e-06 1.981983132282039151e-06 1.847520024966797791e-06 1.543418193250545301e-06 1.218662191604380496e-06 1.001472128336899914e-06 9.190189302898943424e-07 9.243528893421171233e-07 1.113007101594121195e-06 5.300000225361145567e-07 5.300000225361145567e-07 5.300000225361145567e-07 5.300000225361145567e-07 5.300000225361145567e-07
5.300000225361145567e-07 5.300000225361145567e-07 5.300000225361145567e-07 5.300000225361145567e-07 1.097469407795870211e-06 1.529983819636981934e-06 1.211862581840250641e-06 1.133724481405806728e-06 1.384237748425221071e-06 1.710641754470998421e-06 1.860146085164160468e-06 1.738603486955980770e-06 1.428241489520587493e-06 1.111410483645158820e-06 9.523179755888122600e-07 9.935143907568999566e-07 1.128510120906867087e-06 1.216322289110394195e-06 1.407976583323033992e-06 5.300000225361145567e-07 5.300000225361145567e-07 5.300000225361145567e-07 5.300000225361145567e-07
5.300000225361145567e-07 5.300000225361145567e-07 5.300000225361145567e-07 5.394673507908009924e-07 1.606263822395703755e-06 1.092331331165041775e-06 5.926904123043641448e-07 5.669328970725473482e-07 8.950567575993773062e-07 1.270266238861950114e-06 1.441730546503094956e-06 1.326406845691963099e-06 1.014914687402779236e-06 7.021870942480745725e-07 5.791219450657081325e-07 7.267969408530916553e-07 1.059943997461232357e-06 1.371318262499698903e-06 1.533353952254401520e-06 1.918050884341937490e-06 5.300000225361145567e-07 5.300000225361145567e-07 5.300000225361145567e-07
5.300000225361145567e-07 5.300000225361145567e-07 5.300000225361145567e-07 1.341288225376047194e-06 1.332691113020700868e-06 6.435152499761898071e-07 2.153696527784632053e-07 2.578017017640377162e-07 6.022426077834097669e-07 9.666342748460010625e-07 1.128413146034290548e-06 1.010144501378817949e-06 6.885293259983882308e-07 3.437446025600365829e-07 1.721148237265879288e-07 2.909702914166700793e-07 6.702022687932185363e-07 1.130492023548868019e-06 1.453466666134772822e-06 1.654113930271705613e-06 5.300000225361145567e-07 5.300000225361145567e-07 5.300000225361145567e-07
5.300000225361145567e-07 5.300000225361145567e-07 0.000000000000000000e+00 1.341536517429631203e-06 1.102722762880148366e-06 5.292148443913902156e-07 2.058335155652457615e-07 2.601222206521924818e-07 5.597211156782577746e-07 8.810546887616510503e-07 1.034181650538812391e-06 9.358018360217101872e-07 6.293635692600219045e-07 2.579777174105402082e-07 2.408967247902182862e-09 2.787203357001999393e-09 2.888710639581404394e-07 7.496764737879857421e-07 1.179088712888187729e-06 1.439675997971789911e-06 1.792336661310400814e-06 5.300000225361145567e-07 5.300000225361145567e-07
5.300000225361145567e-07 5.300000225361145567e-07 4.311793873057467863e-07 1.232735939993290231e-06 1.069005975296022370e-06 6.478842351498315111e-07 3.747904031570215011e-07 3.804241259786067531e-07 6.008120863043586724e-07 8.763144023760105483e-07 1.044116288539953530e-06 1.006398520075890701e-06 7.638516876795620192e-07 4.114890543860383332e-07 1.007950345410790760e-07 0.000000000000000000e+00 1.241701284016016871e-07 4.971369094164401758e-07 9.459649845666717738e-07 1.294344656344037503e-06 1.559586735311313532e-06 5.300000225361145567e-07 5.300000225361145567e-07
5.300000225361145567e-07 5.300000225361145567e-07 5.924619586039625574e-07 1.170340055978158489e-06 1.103249815059825778e-06 7.675816959817893803e-07 4.812670795217854902e-07 4.056088016568537569e-07 5.425154654403741006e-07 7.854616796976188198e-07 9.908726497087627649e-07 1.044827854457253125e-06 9.079739129447261803e-07 6.293431624726508744e-07 3.273891593380540144e-07 1.439705670236435253e-07 1.842449819378089160e-07 4.624692166999011533e-07 8.805501465758425184e-07 1.272837948818050791e-06 1.557117911943350919e-06 5.300000225361145567e-07 5.300000225361145567e-07
5.300000225361145567e-07 5.300000225361145567e-07 7.376518738055892754e-07 1.120603201343328692e-06 1.061522198142483830e-06 7.330941684813296888e-07 4.019376831365661928e-07 2.509223122615367174e-07 3.247236293191235745e-07 5.510894425242440775e-07 7.991928896444733255e-07 9.451667892790283076e-07 9.234320259565720335e-07 7.507637747039552778e-07 5.181769324735796545e-07 3.536557358074787771e-07 3.665051053758361377e-07 5.916637064729002304e-07 9.596830068403505720e-07 1.325254515904816799e-06 1.594150944583816454e-06 5.300000225361145567e-07 5.300000225361145567e-07
5.300000225361145567e-07 1.025393544296093751e-06 9.131543947660247795e-07 1.046874785970430821e-06 9.043120030582940672e-07 5.402149554356583394e-07 1.770069388840056490e-07 0.000000000000000000e+00 3.968290229749982245e-08 2.610812259717931738e-07 5.339552444638684392e-07 7.364182010860531591e-07 7.979367637744871899e-07 7.243643835863622371e-07 5.912202141189482063e-07 5.080337359686382115e-07 5.648504952660005074e-07 7.800771300026099198e-07 1.076738044503144920e-06 1.321910531260073185e-06 1.471615178161300719e-06 1.870754203991964459e-06 5.300000225361145567e-07
5.300000225361145567e-07 5.300000225361145567e-07 1.080213905879645608e-06 9.633480431148200296e-07 6.993666374910390005e-07 3.030802133707766188e-07 0.000000000000000000e+00 0.000000000000000000e+00 0.000000000000000000e+00 8.737262646718590986e-08 3.507406631797493901e-07 5.490041417033353355e-07 6.301705752775887959e-07 6.126317089183430653e-07 5.703077476937323809e-07 5.915071028539387044e-07 7.254135425682761706e-07 9.387227350998728070e-07 1.113360895033110864e-06 1.124443883782078046e-06 1.045664362209208775e-06 5.300000225361145567e-07 5.300000225361145567e-07
5.300000225361145567e-07 5.300000225361145567e-07 1.130947339333943091e-06 9.068748454410524573e-07 5.597859740191779565e-07 1.678202465882350225e-07 0.000000000000000000e+00 0.000000000000000000e+00 0.000000000000000000e+00 1.731681322780787013e-07 3.896750513376900926e-07 5.189914418224361725e-07 5.475368993757001590e-07 5.258103215055598412e-07 5.371445013224729337e-07 6.453564083130913787e-07 8.405248763665440492e-07 1.011256358651735354e-06 9.807383776205824688e-07 6.526266247419698630e-07 3.213631316612008959e-07 5.300000225361145567e-07 5.300000225361145567e-07
5.300000225361145567e-07 5.300000225361145567e-07 8.427901434515661094e-07 8.773226909397635609e-07 5.726083145418670028e-07 2.314241953627060866e-07 5.858038321093772538e-08 1.067102175511536188e-07 3.058990500903746579e-07 5.312348321240278892e-07 6.733687314408598468e-07 6.879781722091138363e-07 6.106412229200941510e-07 5.340579036783310585e-07 5.547783530346350744e-07 7.066440161906939466e-07 9.079876690520904958e-07 9.592978358341497369e-07 6.375089469656813890e-07 0.000000000000000000e+00 0.000000000000000000e+00 5.300000225361145567e-07 5.300000225361145567e-07
5.300000225361145567e-07 5.300000225361145567e-07 0.000000000000000000e+00 7.751346515760815237e-07 7.541802915511652827e-07 5.086562282485829201e-07 4.173929539774690056e-07 5.509811558113142382e-07 8.017623827072384302e-07 1.011378572002286091e-06 1.068141955329338089e-06 9.578227491147117689e-07 7.625859552717884071e-07 6.137598234090546612e-07 6.148711690912023187e-07 7.619424877702840604e-07 8.984219448393560015e-07 7.522869509557494894e-07 1.128532574057317106e-07 0.000000000000000000e+00 0.000000000000000000e+00 5.300000225361145567e-07 5.300000225361145567e-07
5.300000225361145567e-07 5.300000225361145567e-07 5.300000225361145567e-07 3.212036858712963294e-07 1.027953999255259987e-06 9.520982757749152370e-07 8.687090939929476008e-07 9.850662081589689478e-07 1.210118398375925608e-06 1.368976768389984500e-06 1.344382212664640974e-06 1.138941115641500801e-06 8.635885819785471540e-07 6.692086458315316122e-07 6.496177320514107123e-07 7.552035867774975486e-07 7.674060498175094835e-07 3.949254221424780553e-07 0.000000000000000000e+00 0.000000000000000000e+00 5.300000225361145567e-07 5.300000225361145567e-07 5.300000225361145567e-07
5.300000225361145567e-07 5.300000225361145567e-07 5.300000225361145567e-07 0.000000000000000000e+00 1.158000941359205171e-06 1.470925553803681396e-06 1.331863359155249782e-06 1.286250153498258442e-06 1.364896661470993422e-06 1.418520582774362992e-06 1.326841129412059672e-06 1.088739281840389594e-06 8.121635346469702199e-07 6.344617418108100537e-07 6.156145104796451051e-07 6.584596121683716774e-07 5.214129714659065939e-07 4.115463525522500277e-10 0.000000000000000000e+00 1.670568963163532317e-07 5.300000225361145567e-07 5.300000225361145567e-07 5.300000225361145567e-07
5.300000225361145567e-07 5.300000225361145567e-07 5.300000225361145567e-07 5.300000225361145567e-07 4.874748924521554727e-07 1.812850086935213767e-06 1.736472768243402243e-06 1.450506260880501941e-06 1.281688582821516320e-06 1.186482222692575306e-06 1.058925363395246677e-06 8.728851526029757224e-07 6.931240363883262035e-07 6.021023182256612927e-07 6.017705231897707563e-07 5.617310989691759460e-07 2.970969319449068280e-07 0.000000000000000000e+00 2.291842520207865164e-07 5.300000225361145567e-07 5.300000225361145567e-07 5.300000225361145567e-07 5.300000225361145567e-07
5.300000225361145567e-07 5.300000225361145567e-07 5.300000225361145567e-07 5.300000225361145567e-07 5.300000225361145567e-07 1.070789039658848196e-06 1.703061798252747394e-06 1.405974330737080891e-06 1.067774974217172712e-06 8.864885785442311317e-07 8.165886242750275414e-07 7.965598456394218374e-07 8.099846127151977271e-07 8.458275715383933857e-07 8.364432915186625905e-07 6.644829113611194771e-07 3.423460270823852625e-07 4.800891701961518265e-07 5.300000225361145567e-07 5.300000225361145567e-07 5.300000225361145567e-07 5.300000225361145567e-07 5.300000225361145567e-07
5.300000225361145567e-07 5.300000225361145567e-07 5.300000225361145567e-07 5.300000225361145567e-07 5.300000225361145567e-07 5.300000225361145567e-07 5.300000225361145567e-07 2.452045464451657608e-07 3.126299930045206565e-07 4.267428437287890119e-07 6.972754817979875952e-07 1.045553972289781086e-06 1.354957475996343419e-06 1.502291524957399815e-06 1.370363861497025937e-06 9.552444453220232390e-07 5.300000225361145567e-07 5.300000225361145567e-07 5.300000225361145567e-07 5.300000225361145567e-07 5.300000225361145567e-07 5.300000225361145567e-07 5.300000225361145567e-07
5.300000225361145567e-07 5.300000225361145567e-07 5.300000225361145567e-07 5.300000225361145567e-07 5.300000225361145567e-07 5.300000225361145567e-07 5.300000225361145567e-07 5.300000225361145567e-07 5.300000225361145567e-07 5.300000225361145567e-07 5.300000225361145567e-07 5.481046514432819095e-07 5.300000225361145567e-07 5.300000225361145567e-07 5.300000225361145567e-07 5.300000225361145567e-07 5.300000225361145567e-07 5.300000225361145567e-07 5.300000225361145567e-07 5.300000225361145567e-07 5.300000225361145567e-07 5.300000225361145567e-07 5.300000225361145567e-07
5.300000225361145567e-07 5.300000225361145567e-07 5.300000225361145567e-07 5.300000225361145567e-07 5.300000225361145567e-07 5.300000225361145567e-07 5.300000225361145567e-07 5.300000225361145567e-07 5.300000225361145567e-07 5.300000225361145567e-07 5.300000225361145567e-07 5.300000225361145567e-07 5.300000225361145567e-07 5.300000225361145567e-07 5.300000225361145567e-07 5.300000225361145567e-07 5.300000225361145567e-07 5.300000225361145567e-07 5.300000225361145567e-07 5.300000225361145567e-07 5.300000225361145567e-07 5.300000225361145567e-07 5.300000225361145567e-07
4.700000033608375816e-07 4.700000033608375816e-07 4.700000033608375816e-07 4.700000033608375816e-07 4.700000033608375816e-07 4.700000033608375816e-07 4.700000033608375816e-07 4.700000033608375816e-07 4.700000033608375816e-07 4.700000033608375816e-07 4.700000033608375816e-07 4.700000033608375816e-07 4.700000033608375816e-07 4.700000033608375816e-07 4.700000033608375816e-07 4.700000033608375816e-07 4.700000033608375816e-07 4.700000033608375816e-07 4.700000033608375816e-07 4.700000033608375816e-07 4.700000033608375816e-07 4.700000033608375816e-07 4.700000033608375816e-07
4.700000033608375816e-07 4.700000033608375816e-07 4.700000033608375816e-07 4.700000033608375816e-07 4.700000033608375816e-07 4.700000033608375816e-07 4.700000033608375816e-07 4.700000033608375816e-07 4.700000033608375816e-07 4.700000033608375816e-07 4.700000033608375816e-07 2.074107214866671711e-07 4.700000033608375816e-07 4.700000033608375816e-07 4.700000033608375816e-07 4.700000033608375816e-07 4.700000033608375816e-07 4.700000033608375816e-07 4.700000033608375816e-07 4.700000033608375816e-07 4.700000033608375816e-07 4.700000033608375816e-07 4.700000033608375816e-07
4.700000033608375816e-07 4.700000033608375816e-07 4.700000033608375816e-07 4.700000033608375816e-07 4.700000033608375816e-07 4.700000033608375816e-07 4.700000033608375816e-07 0.000000000000000000e+00 3.346809762660996057e-08 1.186273834719031584e-07 2.273435200095264008e-07 3.439976694608049002e-07 4.321805135987233371e-07 4.537434676876728190e-07 4.252313772212801268e-07 5.155734470463357866e-07 4.700000033608375816e-07 4.700000033608375816e-07 4.700000033608375816e-07 4.700000033608375816e-07 4.700000033608375816e-07 4.700000033608375816e-07 4.700000033608375816e-07
4.700000033608375816e-07 4.700000033608375816e-07 4.700000033608375816e-07 4.700000033608375816e-07 4.700000033608375816e-07 3.579231133699067868e-08 0.000000000000000000e+00 3.880379040310799610e-08 1.193088223772065248e-07 2.193140176132146735e-07 3.384436411124625010e-07 4.701295495124213630e-07 5.884319307369878516e-07 6.529573397529020440e-07 6.377459840223309584e-07 5.875428996660048142e-07 7.031759423625771888e-07 1.456848735870153178e-06 4.700000033608375816e-07 4.700000033608375816e-07 4.700000033608375816e-07 4.700000033608375816e-07 4.700000033608375816e-07
4.700000033608375816e-07 4.700000033608375816e-07 4.700000033608375816e-07 4.700000033608375816e-07 2.057533947663614526e-07 9.366678455080545973e-08 8.200922252399323042e-08 1.411679306784208165e-07 2.365695479511487065e-07 3.495091220884205541e-07 4.740919052892422769e-07 6.049612011338467710e-07 7.264068244694499299e-07 8.101381467895407695e-07 8.264692041848320514e-07 7.718909955656272359e-07 7.150074452511034906e-07 8.625829650554805994e-07 1.647987687647400890e-06 4.700000033608375816e-07 4.700000033608375816e-07 4.700000033608375816e-07 4.700000033608375816e-07
4.700000033608375816e-07 4.700000033608375816e-07 4.700000033608375816e-07 3.927198122255504131e-07 3.332677351863821968e-07 2.361581152854341781e-07 2.120492581525468268e-07 2.665564693415944930e-07 3.722141173057025298e-07 5.013760073779849336e-07 6.357174697768641636e-07 7.638421948286122642e-07 8.751070481594069861e-07 9.551584980727056973e-07 9.868241477306582965e-07 9.589226692696684040e-07 8.852439350448548794e-07 8.364133918803418055e-07 9.885783356367028318e-07 1.694857928669080138e-06 4.700000033608375816e-07 4.700000033608375816e-07 4.700000033608375816e-07
4.700000033608375816e-07 4.700000033608375816e-07 4.700000033608375816e-07 5.787206873719696887e-07 5.467501296152477153e-07 4.221921301450493047e-07 3.628252329690440092e-07 3.997987505499622785e-07 5.100772568766842596e-07 6.562019052580581047e-07 8.051957820498500951e-07 9.349702736471954267e-07 1.033890953294758219e-06 1.097226913771010004e-06 1.123048832596396096e-06 1.109752247430151328e-06 1.057756207956117578e-06 9.790771855477942154e-07 9.204013622365891933e-07 1.007957735055242665e-06 4.700000033608375816e-07 4.700000033608375816e-07 4.700000033608375816e-07
4.700000033608375816e-07 4.700000033608375816e-07 3.108166310994420201e-07 8.101919775072019547e-07 7.679008149352739565e-07 6.042844802323088516e-07 5.035797698837995995e-07 5.161266471986891702e-07 6.243806751626834739e-07 7.842978675398626365e-07 9.501089834884623997e-07 1.087718374037649482e-06 1.179952164420683403e-06 1.225636651724926196e-06 1.234021056006895378e-06 1.216349119204096496e-06 1.177459807877312414e-06 1.112127961278019939e-06 1.013470409816363826e-06 9.041083899319346529e-07 9.049409754879889078e-07 4.700000033608375816e-07 4.700000033608375816e-07
4.700000033608375816e-07 4.700000033608375816e-07 5.158335625310428441e-07 9.857209306574077345e-07 9.279192454414442182e-07 7.364989187408355065e-07 6.027934773555898573e-07 5.910518439122824930e-07 6.917539394635241479e-07 8.596812790528929327e-07 1.040972051669086795e-06 1.191298906633164734e-06 1.285983557863801252e-06 1.322314119533984922e-06 1.314543055741523858e-06 1.283034066545951646e-06 1.240782353306713048e-06 1.183059907816641498e-06 1.089232341655588243e-06 9.498621693637687713e-07 8.370451496375608258e-07 4.700000033608375816e-07 4.700000033608375816e-07
4.700000033608375816e-07 4.700000033608375816e-07 6.479636454059800599e-07 1.048060426001029555e-06 9.860455065791029483e-07 7.912706223578425124e-07 6.431529300243710168e-07 6.140321033853979316e-07 7.044980065984418616e-07 8.738313681533327326e-07 1.066021923179505393e-06 1.230430257237458136e-06 1.335521574219455943e-06 1.374241833218547981e-06 1.360508008474425878e-06 1.317965597991133109e-06 1.264605089090764523e-06 1.200055748995509930e-06 1.106348463508766145e-06 9.777049854164943099e-07 9.004293133330065757e-07 4.700000033608375816e-07 4.700000033608375816e-07
4.700000033608375816e-07 4.700000033608375816e-07 7.019818326625681948e-07 9.962761851056711748e-07 9.423592359780741390e-07 7.706693168074707501e-07 6.304173894022824243e-07 5.950578838564979378e-07 6.756375228178512771e-07 8.402358844250557013e-07 1.036224603012669832e-06 1.211358721775468439e-06 1.329773340330575593e-06 1.379777700094564352e-06 1.371942062178277411e-06 1.328331791228265502e-06 1.266884055439732037e-06 1.188820533570833504e-06 1.081671030078723561e-06 9.559245199852739461e-07 9.395344022777862847e-07 4.700000033608375816e-07 4.700000033608375816e-07
4.700000033608375816e-07 3.479996166788623668e-07 7.324039188461028971e-07 8.803732498563476838e-07 8.362572998521500267e-07 7.052898354231729172e-07 5.908937623644305859e-07 5.601494308393739630e-07 6.327947517092979979e-07 7.875668188717099838e-07 9.788965371626545675e-07 1.156945018010446802e-06 1.284716518057393841e-06 1.347495299341971986e-06 1.352140429844439495e-06 1.316827024311351124e-06 1.255645088349410798e-06 1.167062919193995185e-06 1.040625534187711310e-06 9.023920028994325548e-07 9.265175435757555533e-07 1.648061925152433105e-06 4.700000033608375816e-07
4.700000033608375816e-07 4.700000033608375816e-07 8.111978786473628134e-07 7.748660095785453450e-07 7.287030712177511305e-07 6.402482881640025880e-07 5.581470645665831398e-07 5.372990017349366099e-07 6.030851977811835241e-07 7.441059892698831391e-07 9.227485406881896779e-07 1.093571768251422327e-06 1.220930585077439900e-06 1.289463853026973084e-06 1.304044872085796669e-06 1.279538196286011953e-06 1.225219079969974700e-06 1.133993009716505185e-06 9.926109214575262740e-07 8.358924787899013609e-07 8.755669114179909229e-07 4.700000033608375816e-07 4.700000033608375816e-07
4.700000033608375816e-07 4.700000033608375816e-07 9.585157840774627402e-07 7.334697329497430474e-07 6.716794587191543542e-07 6.127318101789569482e-07 5.541671725950436667e-07 5.386120847106212750e-07 5.950805075372045394e-07 7.195203011178818997e-07 8.802568345345207490e-07 1.035345349009730853e-06 1.150962248175346758e-06 1.212862912325363141e-06 1.226593667524866760e-06 1.206581373480730690e-06 1.159421458396536764e-06 1.072664986168092582e-06 9.271406042898888700e-07 7.583634555885510053e-07 8.008616987353889272e-07 4.700000033608375816e-07 4.700000033608375816e-07
4.700000033608375816e-07 4.700000033608375816e-07 1.051904519044910558e-06 7.314941967706545256e-07 6.723082606185926124e-07 6.292025318543892354e-07 5.734893306907906663e-07 5.473014539347786922e-07 5.864095555807580240e-07 6.922315378687926568e-07 8.350466487172525376e-07 9.724694791657384485e-07 1.070052803697763011e-06 1.114466954277304467e-06 1.114062229135015514e-06 1.086733846022980288e-06 1.040912366079282947e-06 9.621491017242078669e-07 8.252126235674950294e-07 6.598024810955394059e-07 7.069614866850315593e-07 4.700000033608375816e-07 4.700000033608375816e-07
4.700000033608375816e-07 4.700000033608375816e-07 7.229107268358347937e-07 6.056013148736383300e-07 6.617973440370406024e-07 6.526827860398043413e-07 5.807202683172363322e-07 5.197683776714256965e-07 5.267720553092658520e-07 6.114565849202335812e-07 7.424190471283509396e-07 8.707429515197873116e-07 9.557628573020338081e-07 9.818788839766057208e-07 9.603594435247941874e-07 9.158881084658787586e-07 8.641784461360657588e-07 7.943495461404381786e-07 6.778582246624864638e-07 5.346843181541771628e-07 5.971219252387527376e-07 4.700000033608375816e-07 4.700000033608375816e-07
4.700000033608375816e-07 4.700000033608375816e-07 4.700000033608375816e-07 2.341892013646429405e-09 4.807678237739310134e-07 6.115590167610207573e-07 5.325546226231381297e-07 4.132629385367181385e-07 3.660248637515906012e-07 4.225032625981839374e-07 5.502969315784866922e-07 6.878989893266407307e-07 7.804110282449983060e-07 8.033833864828920923e-07 7.678855240556003992e-07 7.064055012051539961e-07 6.464545094786444679e-07 5.867856316399411298e-07 4.999492375645786524e-07 3.944861646232311614e-07 4.700000033608375816e-07 4.700000033608375816e-07 4.700000033608375816e-07
4.700000033608375816e-07 4.700000033608375816e-07 4.700000033608375816e-07 0.000000000000000000e+00 0.000000000000000000e+00 4.410292433476570295e-07 4.346797481957764830e-07 2.485547838659840636e-07 1.155630968696641503e-07 1.220953436131821945e-07 2.456672518746927381e-07 4.099359784959233366e-07 5.373068461267394014e-07 5.849994977324968204e-07 5.568599021898990031e-07 4.903972126157896128e-07 4.264795165909163188e-07 3.778552013500302564e-07 3.221624069738027174e-07 2.553609306232829113e-07 4.700000033608375816e-07 4.700000033608375816e-07 4.700000033608375816e-07
4.700000033608375816e-07 4.700000033608375816e-07 4.700000033608375816e-07 4.700000033608375816e-07 0.000000000000000000e+00 1.666862488036713330e-07 4.419592301019292790e-07 2.146614690445858287e-07 0.000000000000000000e+00 0.000000000000000000e+00 0.000000000000000000e+00 1.067114396846591262e-07 2.775040570668352302e-07 3.686578224915137980e-07 3.660372556169022573e-07 3.045690846192883328e-07 2.352111749814866926e-07 1.849540751663880656e-07 1.374870066683797631e-07 4.700000033608375816e-07 4.700000033608375816e-07 4.700000033608375816e-07 4.700000033608375816e-07
4.700000033608375816e-07 4.700000033608375816e-07 4.700000033608375816e-07 4.700000033608375816e-07 4.700000033608375816e-07 3.677550353131664451e-08 1.006958427751669660e-06 8.189799700630828738e-07 3.397545356165210251e-07 0.000000000000000000e+00 0.000000000000000000e+00 8.659810646349797025e-10 1.482170546296401881e-07 2.394963303231634200e-07 2.293848808676557383e-07 1.375682074922224274e-07 1.555449102852435317e-08 0.000000000000000000e+00 4.700000033608375816e-07 4.700000033608375816e-07 4.700000033608375816e-07 4.700000033608375816e-07 4.700000033608375816e-07
4.700000033608375816e-07 4.700000033608375816e-07 4.700000033608375816e-07 4.700000033608375816e-07 4.700000033608375816e-07 4.700000033608375816e-07 4.700000033608375816e-07 3.081142040173290297e-06 2.242867822133121081e-06 1.382913978886790574e-06 8.138279099512146786e-07 5.376202807383378968e-07 4.171509715433785459e-07 3.029778099516988732e-07 1.056575911206891760e-07 0.000000000000000000e+00 4.700000033608375816e-07 4.700000033608375816e-07 4.700000033608375816e-07 4.700000033608375816e-07 4.700000033608375816e-07 4.700000033608375816e-07 4.700000033608375816e-07
4.700000033608375816e-07 4.700000033608375816e-07 4.700000033608375816e-07 4.700000033608375816e-07 4.700000033608375816e-07 4.700000033608375816e-07 4.700000033608375816e-07 4.700000033608375816e-07 4.700000033608375816e-07 4.700000033608375816e-07 4.700000033608375816e-07 2.435145461276988499e-06 4.700000033608375816e-07 4.700000033608375816e-07 4.700000033608375816e-07 4.700000033608375816e-07 4.700000033608375816e-07 4.700000033608375816e-07 4.700000033608375816e-07 4.700000033608375816e-07 4.700000033608375816e-07 4.700000033608375816e-07 4.700000033608375816e-07
4.700000033608375816e-07 4.700000033608375816e-07 4.700000033608375816e-07 4.700000033608375816e-07 4.700000033608375816e-07 4.700000033608375816e-07 4.700000033608375816e-07 4.700000033608375816e-07 4.700000033608375816e-07 4.700000033608375816e-07 4.700000033608375816e-07 4.700000033608375816e-07 4.700000033608375816e-07 4.700000033608375816e-07 4.700000033608375816e-07 4.700000033608375816e-07 4.700000033608375816e-07 4.700000033608375816e-07 4.700000033608375816e-07 4.700000033608375816e-07 4.700000033608375816e-07 4.700000033608375816e-07 4.700000033608375816e-07
