3.479551082818943541e-07 3.120565850167622557e-07 3.007879456617956748e-07
-3.053750958770251600e-07 -3.239514612118910009e-08 2.948188750906410860e-07
-2.114448562906545703e-07 -2.995072350131522398e-07 -6.971990984538933844e-08
3.550365477167360950e-07 -2.879542080336250365e-07 -3.127267120817123214e-07
-3.752450936644891044e-07 3.970818909238005290e-07 -3.396363297269999748e-07
-6.793492701717696036e-08 3.133023653845157241e-07 -3.445520633249543607e-07
3.633621190601843409e-07 -4.143038552228972549e-07 5.116540524596757678e-09
-3.413187243950233096e-07 -7.154143588650185848e-08 -3.098380432220437797e-07
2.995732018007402075e-07 -3.080932913235301385e-07 2.980015381126577267e-07
1.389464898693404393e-07 3.955332772420661058e-07 3.196037994257494574e-07
-3.140668241030653007e-07 2.996510772845795145e-07 -3.452309726981184212e-07
-1.620935279333934886e-07 -2.947281245724298060e-07 -1.195038521473179571e-07
-3.556886838396167150e-07 -1.209456286233034916e-07 1.885180864746871521e-07
1.050195166385492485e-07 -3.169540434555528918e-07 3.104777306361938827e-07
3.827779551102139521e-07 3.085571051997249015e-07 2.916005428232892882e-07
-4.190967128891998073e-09 3.829563297585991677e-07 -3.153724890125886304e-07
-1.063945092028006911e-07 2.991906455918069696e-07 -2.776546921268163715e-07
2.918355619385692989e-07 3.793305154431436677e-07 3.054665853596816305e-07
-3.306817291104380274e-07 -4.002092168775561731e-08 1.619144853748366586e-07
3.753541761852829950e-07 3.225652562832692638e-07 2.756665651304501807e-07
-4.894637228858300659e-08 -3.469737919203907950e-07 1.693242239753089962e-07
-4.419043264647370961e-08 7.050999073499042424e-08 -3.518698008520004805e-07
7.932514733965945197e-08 3.852442205243278295e-07 -1.367709785426995950e-07
-3.126710055312287295e-07 3.711263332206726773e-07 -6.506751049073500326e-08
-1.432618006447228254e-07 -3.247718893817364005e-07 5.923848789279873017e-08
-3.231951666293753078e-07 3.331047082610893995e-07 3.041162131012242753e-07
-9.190181060603208607e-08 -3.347515473706152989e-07 1.797227042743543279e-07
3.478355665720300749e-07 -2.802465246531937737e-07 1.033065721856019081e-08
1.345842548516884563e-07 3.265717225531261647e-07 -2.911761498580744956e-07
-1.059321235175048059e-07 2.768732656477368437e-07 -3.169169531247462146e-07
7.609710905853717122e-08 -4.818424770292040193e-08 -7.791302891746454407e-08
3.145594007492036326e-07 2.134326422265075962e-07 5.224767818390319007e-08
-9.487921204254234908e-08 3.358197204761381727e-07 5.998614938107493799e-08
-3.261306460444757249e-07 -1.133488396476423077e-07 1.198694548065759591e-07
2.758672508207382634e-07 3.079456973864580505e-07 2.828950016464659711e-07
-5.752504250722267898e-08 -3.529026457727013621e-07 -2.998585273417120334e-07
-5.837748773274142877e-08 2.794931504013220547e-07 3.205773424497238011e-08
2.850672444765223190e-07 -2.981692830417159712e-07 -2.790696385090996046e-07
1.799300797244995920e-08 -3.142983189263759414e-07 -4.764106620314123575e-08
1.772534403698955430e-07 6.079547087978198761e-09 -3.838167472736131458e-08
2.904054383634502301e-07 6.236376748347538523e-08 2.766540951881779620e-08
1.012499666330768378e-07 -1.562290776746522170e-07 -5.790352730628001154e-08
-4.624499538863346970e-08 3.260227572354779113e-07 7.335537333119646064e-08
-2.987673610732599627e-07 -2.542652133286082972e-08 -5.580340456390331383e-08
2.820930546931776917e-07 3.061706195239821682e-07 -1.038456360902273445e-07
1.155115203488321640e-08 3.003008828272868413e-07 1.428644651468857774e-07
-9.565064118532973225e-08 2.760923223377176328e-07 -1.665591895516627119e-07
2.977616588850651169e-07 -3.206665724064805545e-07 -6.277576858337852173e-08
-3.169785998125007609e-07 3.401753190246381564e-07 2.520450870235890761e-08
-3.225627835945488187e-07 3.077281860441871686e-07 3.854360031141368381e-08
3.543327125044015702e-07 -3.549150164872116875e-07 -5.476810471805038105e-08
-6.415843856188985228e-09 -3.003802078183070989e-07 1.628656143282114499e-08
-2.826976697178906761e-07 -1.244632983343763044e-07 9.598537076271895785e-08
5.964130878055584617e-08 6.175135958130795188e-09 -1.727712799493019702e-07
7.860069040077632962e-09 2.899564890412875684e-07 -7.239514321355500215e-09
