4.700000000000000528e-07 4.700000000000000528e-07 4.700000000000000528e-07 4.700000000000000528e-07 4.700000000000000528e-07 4.700000000000000528e-07 4.700000000000000528e-07 4.700000000000000528e-07 4.700000000000000528e-07 4.700000000000000528e-07 4.700000000000000528e-07 4.700000000000000528e-07 4.700000000000000528e-07 4.700000000000000528e-07 4.700000000000000528e-07 4.700000000000000528e-07 4.700000000000000528e-07 4.700000000000000528e-07 4.700000000000000528e-07 4.700000000000000528e-07 4.700000000000000528e-07 4.700000000000000528e-07 4.700000000000000528e-07
4.700000000000000528e-07 4.700000000000000528e-07 4.700000000000000528e-07 4.700000000000000528e-07 4.700000000000000528e-07 4.700000000000000528e-07 4.700000000000000528e-07 4.700000000000000528e-07 4.700000000000000528e-07 4.700000000000000528e-07 4.700000000000000528e-07 3.793060552013412763e-07 4.700000000000000528e-07 4.700000000000000528e-07 4.700000000000000528e-07 4.700000000000000528e-07 4.700000000000000528e-07 4.700000000000000528e-07 4.700000000000000528e-07 4.700000000000000528e-07 4.700000000000000528e-07 4.700000000000000528e-07 4.700000000000000528e-07
4.700000000000000528e-07 4.700000000000000528e-07 4.700000000000000528e-07 4.700000000000000528e-07 4.700000000000000528e-07 4.700000000000000528e-07 4.700000000000000528e-07 1.997325933232059998e-07 2.243893925922021100e-07 2.139852847946895582e-07 1.823496768836048960e-07 1.452939068755950376e-07 1.150477226517251057e-07 1.115658927162440324e-07 1.674237319591339275e-07 3.206618368310228635e-07 4.700000000000000528e-07 4.700000000000000528e-07 4.700000000000000528e-07 4.700000000000000528e-07 4.700000000000000528e-07 4.700000000000000528e-07 4.700000000000000528e-07
4.700000000000000528e-07 4.700000000000000528e-07 4.700000000000000528e-07 4.700000000000000528e-07 4.700000000000000528e-07 2.144871269181022018e-07 2.018995212935988621e-07 2.480175533534930383e-07 2.624470420684884249e-07 2.580630644431221827e-07 2.507984044584373424e-07 2.363062885067120606e-07 2.053538105926418740e-07 1.651665650612995324e-07 1.445310681944829940e-07 1.762790271229460433e-07 2.718216018635940219e-07 4.286710899279751703e-07 4.700000000000000528e-07 4.700000000000000528e-07 4.700000000000000528e-07 4.700000000000000528e-07 4.700000000000000528e-07
4.700000000000000528e-07 4.700000000000000528e-07 4.700000000000000528e-07 4.700000000000000528e-07 2.176278679187089966e-07 1.730236613682064291e-07 2.616196861069693642e-07 3.079584980057189187e-07 3.197388844498346390e-07 3.338842697573637071e-07 3.561822092521834366e-07 3.627421884786781976e-07 3.298263459825830597e-07 2.621469940820316498e-07 1.984869266422902530e-07 1.874922725662327667e-07 2.457049925439787859e-07 3.343502436834751808e-07 4.210657531232027924e-07 4.700000000000000528e-07 4.700000000000000528e-07 4.700000000000000528e-07 4.700000000000000528e-07
4.700000000000000528e-07 4.700000000000000528e-07 4.700000000000000528e-07 3.285195726263919442e-07 1.584262145613320700e-07 2.777407497021341061e-07 3.615230179363789449e-07 3.748005818735874146e-07 3.733735491593689022e-07 3.963015126871323974e-07 4.335439849043905798e-07 4.434839377651952037e-07 3.915498007743008730e-07 2.828622706872193322e-07 1.687755821464816637e-07 1.193452840695682045e-07 1.711547634429007831e-07 2.825503282153659330e-07 3.561867851474017317e-07 4.218603317483212396e-07 4.700000000000000528e-07 4.700000000000000528e-07 4.700000000000000528e-07
4.700000000000000528e-07 4.700000000000000528e-07 4.700000000000000528e-07 2.048980400602159153e-07 2.883835145937337603e-07 4.111149644856778269e-07 4.375441877400317554e-07 4.066419274338114138e-07 3.900446296754308224e-07 4.179642767141741007e-07 4.646034199282963146e-07 4.742481342887868396e-07 4.038755714006766158e-07 2.579984476867321592e-07 9.658620233924016985e-08 7.244207203912135907e-09 4.840384467999688978e-08 1.910734932195919629e-07 3.127245344601033668e-07 3.281409670350695325e-07 4.700000000000000528e-07 4.700000000000000528e-07 4.700000000000000528e-07
4.700000000000000528e-07 4.700000000000000528e-07 3.799735816798784600e-07 3.059243988943490495e-07 4.257483967294047562e-07 4.820170646766837836e-07 4.432107021088723360e-07 3.771046090648451883e-07 3.528284404339684062e-07 3.891872461778985399e-07 4.492158806855014137e-07 4.685460590323783054e-07 3.980034472803891350e-07 2.389146056245590972e-07 5.289532742128363507e-08 0.000000000000000000e+00 0.000000000000000000e+00 1.241964719654061429e-07 2.922628647681631793e-07 3.215549464173091638e-07 3.596160349204365576e-07 4.700000000000000528e-07 4.700000000000000528e-07
4.700000000000000528e-07 4.700000000000000528e-07 3.893417750120716465e-07 4.214939439393402227e-07 4.822901244736795507e-07 4.641740114195454754e-07 3.795050000619267467e-07 2.962627656231416569e-07 2.729325922743737993e-07 3.201767493053194431e-07 3.974535440463296783e-07 4.385311848907077166e-07 3.908554868346255335e-07 2.499703663758919521e-07 7.165541779133496503e-08 0.000000000000000000e+00 0.000000000000000000e+00 1.339300263723271729e-07 3.278635711510287893e-07 3.807797208353077241e-07 3.174849007834564492e-07 4.700000000000000528e-07 4.700000000000000528e-07
4.700000000000000528e-07 4.700000000000000528e-07 4.685193461782274045e-07 4.713647003527240105e-07 4.560360286874084141e-07 3.901510831881024006e-07 2.895681314427929993e-07 2.059602730284678347e-07 1.857509596945602044e-07 2.379934438110649881e-07 3.275077597706695616e-07 3.935502912142692895e-07 3.834791082155971327e-07 2.852919715721509948e-07 1.425581183909526390e-07 4.013309881403989321e-08 5.914406761323339934e-08 2.150574085178232582e-07 4.131917814263215933e-07 4.818196181730923473e-07 3.740064153632557082e-07 4.700000000000000528e-07 4.700000000000000528e-07
4.700000000000000528e-07 4.700000000000000528e-07 5.283455594949101015e-07 4.616287052315056445e-07 3.947939967972343385e-07 3.205411724636360833e-07 2.329149675049121089e-07 1.589696092239319642e-07 1.352576612632402049e-07 1.766623791397433325e-07 2.620011196583801012e-07 3.429648496009759202e-07 3.703197501679097132e-07 3.238905288114620435e-07 2.306598469701567029e-07 1.583668984537508169e-07 1.802584927688440604e-07 3.201474181011872662e-07 5.056598555129040125e-07 5.815088252845453627e-07 4.638121177933681412e-07 4.700000000000000528e-07 4.700000000000000528e-07
4.700000000000000528e-07 4.763024430119185655e-07 5.592837164201410434e-07 4.324975757228640378e-07 3.524153450982521991e-07 3.068587341701641509e-07 2.539984047232065296e-07 1.929677148880000988e-07 1.536532147881371730e-07 1.630799284200475614e-07 2.208944318269641900e-07 2.967593497303096757e-07 3.480130141540212736e-07 3.467129483212557335e-07 3.011773907744282570e-07 2.583577833590607571e-07 2.798259510470598417e-07 3.958332792351212066e-07 5.588038726998275325e-07 6.397534202094175799e-07 5.384829615238414209e-07 5.109829823411201306e-07 4.700000000000000528e-07
4.700000000000000528e-07 4.700000000000000528e-07 5.783091518694346251e-07 4.169172600186084838e-07 3.554125493608080961e-07 3.636502976221163936e-07 3.583324252574312214e-07 3.100347038796099315e-07 2.442619939344877440e-07 2.038099717580917587e-07 2.129713403107598952e-07 2.626123853630998002e-07 3.188595451817673694e-07 3.470779825463251274e-07 3.369939316187083551e-07 3.142075224147629871e-07 3.279697830791702091e-07 4.149450598376643558e-07 5.537624369864898273e-07 6.454633132122763146e-07 5.804866100831714522e-07 4.700000000000000528e-07 4.700000000000000528e-07
4.700000000000000528e-07 4.700000000000000528e-07 5.986578594772436719e-07 4.220338178626844257e-07 3.914108328260409126e-07 4.605568195401884242e-07 5.059617082779096182e-07 4.703156905847845866e-07 3.749746577384212816e-07 2.785122570046224229e-07 2.298934271536564284e-07 2.414671593485036811e-07 2.888670247145637933e-07 3.320243388813833536e-07 3.438448425683600891e-07 3.306715791993338445e-07 3.314565157595280271e-07 3.905895591103399584e-07 5.125894910449642867e-07 6.253414108457218918e-07 6.022752467558530571e-07 4.700000000000000528e-07 4.700000000000000528e-07
4.700000000000000528e-07 4.700000000000000528e-07 6.241542076211044860e-07 4.362440615111336757e-07 4.229803886844093159e-07 5.384863366018362814e-07 6.268486283076709316e-07 6.046262621382266462e-07 4.870219252026982377e-07 3.445971936386923136e-07 2.470245698802682983e-07 2.252077957152505934e-07 2.631674329265661600e-07 3.163819395055907608e-07 3.437952182636946037e-07 3.364491869249105167e-07 3.266751457929058762e-07 3.679807855903346154e-07 4.871989498198855091e-07 6.271218035678612597e-07 6.197291037821924493e-07 4.700000000000000528e-07 4.700000000000000528e-07
4.700000000000000528e-07 4.700000000000000528e-07 6.573978590083425462e-07 4.534825317179821087e-07 4.206720307351770844e-07 5.456889662056892649e-07 6.557365958812807167e-07 6.451271270222787808e-07 5.195725700488947569e-07 3.547630422460497885e-07 2.336441122494944085e-07 1.998198763928667705e-07 2.427478415754376857e-07 3.138630228747570601e-07 3.614625294332836876e-07 3.661066012270749144e-07 3.574429323336699400e-07 3.977387701113184977e-07 5.270109293107635113e-07 6.794774771421726274e-07 6.011137935999795974e-07 4.700000000000000528e-07 4.700000000000000528e-07
4.700000000000000528e-07 4.700000000000000528e-07 4.700000000000000528e-07 4.935185879660094161e-07 3.975569706469469184e-07 4.793614431762035184e-07 5.752426839009968336e-07 5.657441841364926023e-07 4.445526721994793280e-07 2.843337478495596389e-07 1.717857253922557521e-07 1.553913728500629605e-07 2.257689255245350597e-07 3.301622905880504351e-07 4.094878713587787007e-07 4.384498774854546883e-07 4.465656681915971222e-07 5.004947320728388678e-07 6.358465151876953843e-07 7.396512524380523774e-07 4.700000000000000528e-07 4.700000000000000528e-07 4.700000000000000528e-07
4.700000000000000528e-07 4.700000000000000528e-07 4.700000000000000528e-07 5.823655977153248915e-07 4.142574960539787372e-07 4.064510756549862509e-07 4.453302795113541452e-07 4.147655412154745664e-07 2.981973319080862512e-07 1.587870565842604793e-07 7.776813168195081571e-08 1.004955516279733803e-07 2.142849064555048773e-07 3.619525268092912103e-07 4.800139150305267850e-07 5.407745684280781080e-07 5.730480802910461153e-07 6.369657336833552637e-07 7.342996150825638852e-07 6.469039528198846329e-07 4.700000000000000528e-07 4.700000000000000528e-07 4.700000000000000528e-07
4.700000000000000528e-07 4.700000000000000528e-07 4.700000000000000528e-07 4.700000000000000528e-07 5.083442468887552042e-07 4.235746084688981301e-07 3.849170619716642778e-07 3.110079911081994015e-07 1.861638418674556834e-07 6.353482381629879283e-08 1.351466158186672883e-08 7.288320721701898775e-08 2.229249924355099739e-07 4.027654194303250352e-07 5.473865878045399387e-07 6.282367872288160089e-07 6.680243524712932941e-07 7.001923984759924298e-07 6.477027307525714224e-07 4.700000000000000528e-07 4.700000000000000528e-07 4.700000000000000528e-07 4.700000000000000528e-07
4.700000000000000528e-07 4.700000000000000528e-07 4.700000000000000528e-07 4.700000000000000528e-07 4.700000000000000528e-07 5.004213401136622070e-07 4.571822957686618412e-07 3.621118020689391943e-07 2.275574468555715231e-07 1.079006859115179924e-07 6.599438170698709483e-08 1.310088714987796794e-07 2.800464466688209160e-07 4.520538416628324359e-07 5.839625638302277895e-07 6.456109071493484026e-07 6.418566835506863373e-07 5.473688100252912210e-07 4.700000000000000528e-07 4.700000000000000528e-07 4.700000000000000528e-07 4.700000000000000528e-07 4.700000000000000528e-07
4.700000000000000528e-07 4.700000000000000528e-07 4.700000000000000528e-07 4.700000000000000528e-07 4.700000000000000528e-07 4.700000000000000528e-07 4.700000000000000528e-07 4.488929976318741484e-07 3.899493458945653930e-07 3.033224908719785691e-07 2.625618799854419723e-07 3.017112925860783963e-07 4.040263769909143394e-07 5.172462353684477949e-07 5.857744193847066145e-07 5.749269755526439059e-07 4.700000000000000528e-07 4.700000000000000528e-07 4.700000000000000528e-07 4.700000000000000528e-07 4.700000000000000528e-07 4.700000000000000528e-07 4.700000000000000528e-07
4.700000000000000528e-07 4.700000000000000528e-07 4.700000000000000528e-07 4.700000000000000528e-07 4.700000000000000528e-07 4.700000000000000528e-07 4.700000000000000528e-07 4.700000000000000528e-07 4.700000000000000528e-07 4.700000000000000528e-07 4.700000000000000528e-07 4.483752144821847270e-07 4.700000000000000528e-07 4.700000000000000528e-07 4.700000000000000528e-07 4.700000000000000528e-07 4.700000000000000528e-07 4.700000000000000528e-07 4.700000000000000528e-07 4.700000000000000528e-07 4.700000000000000528e-07 4.700000000000000528e-07 4.700000000000000528e-07
4.700000000000000528e-07 4.700000000000000528e-07 4.700000000000000528e-07 4.700000000000000528e-07 4.700000000000000528e-07 4.700000000000000528e-07 4.700000000000000528e-07 4.700000000000000528e-07 4.700000000000000528e-07 4.700000000000000528e-07 4.700000000000000528e-07 4.700000000000000528e-07 4.700000000000000528e-07 4.700000000000000528e-07 4.700000000000000528e-07 4.700000000000000528e-07 4.700000000000000528e-07 4.700000000000000528e-07 4.700000000000000528e-07 4.700000000000000528e-07 4.700000000000000528e-07 4.700000000000000528e-07 4.700000000000000528e-07
