5.300000000000000078e-07 5.300000000000000078e-07 5.300000000000000078e-07 5.300000000000000078e-07 5.300000000000000078e-07 5.300000000000000078e-07 5.300000000000000078e-07 5.300000000000000078e-07 5.300000000000000078e-07 5.300000000000000078e-07 5.300000000000000078e-07 5.300000000000000078e-07 5.300000000000000078e-07 5.300000000000000078e-07 5.300000000000000078e-07 5.300000000000000078e-07 5.300000000000000078e-07 5.300000000000000078e-07 5.300000000000000078e-07 5.300000000000000078e-07 5.300000000000000078e-07 5.300000000000000078e-07 5.300000000000000078e-07
5.300000000000000078e-07 5.300000000000000078e-07 5.300000000000000078e-07 5.300000000000000078e-07 5.300000000000000078e-07 5.300000000000000078e-07 5.300000000000000078e-07 5.300000000000000078e-07 5.300000000000000078e-07 5.300000000000000078e-07 5.300000000000000078e-07 1.636454192267847255e-06 5.300000000000000078e-07 5.300000000000000078e-07 5.300000000000000078e-07 5.300000000000000078e-07 5.300000000000000078e-07 5.300000000000000078e-07 5.300000000000000078e-07 5.300000000000000078e-07 5.300000000000000078e-07 5.300000000000000078e-07 5.300000000000000078e-07
5.300000000000000078e-07 5.300000000000000078e-07 5.300000000000000078e-07 5.300000000000000078e-07 5.300000000000000078e-07 5.300000000000000078e-07 5.300000000000000078e-07 7.688536870512325627e-07 8.141564423761156000e-07 8.116588846599188478e-07 7.856137701503757931e-07 7.487380232498981136e-07 7.066690331805875836e-07 6.684017025429784631e-07 6.515075968730161626e-07 6.910534070550784314e-07 5.300000000000000078e-07 5.300000000000000078e-07 5.300000000000000078e-07 5.300000000000000078e-07 5.300000000000000078e-07 5.300000000000000078e-07 5.300000000000000078e-07
5.300000000000000078e-07 5.300000000000000078e-07 5.300000000000000078e-07 5.300000000000000078e-07 5.300000000000000078e-07 4.969058112772290847e-07 5.745433734341804744e-07 6.376816431577754052e-07 6.734066518868348872e-07 7.125808482180946235e-07 7.666355147387366820e-07 8.234771714535600118e-07 8.655951321282191280e-07 8.836683266247564539e-07 8.732332675856741922e-07 8.202866071963217187e-07 7.040509389946964880e-07 5.715455829738675753e-07 5.300000000000000078e-07 5.300000000000000078e-07 5.300000000000000078e-07 5.300000000000000078e-07 5.300000000000000078e-07
5.300000000000000078e-07 5.300000000000000078e-07 5.300000000000000078e-07 5.300000000000000078e-07 5.080441228836025480e-07 5.059181630309967737e-07 5.358003166714115728e-07 5.299954285456738112e-07 5.332117948300936028e-07 5.823417291731220835e-07 6.733070906387001819e-07 7.763293640175834376e-07 8.653387683091568838e-07 9.356398665852611962e-07 9.964005928134429346e-07 1.041033363181923058e-06 1.019082765398052296e-06 8.578328790656814895e-07 6.104914250807087306e-07 5.300000000000000078e-07 5.300000000000000078e-07 5.300000000000000078e-07 5.300000000000000078e-07
5.300000000000000078e-07 5.300000000000000078e-07 5.300000000000000078e-07 5.850432730506145240e-07 4.491398885045600842e-07 4.635480680429100253e-07 4.212761896008305562e-07 3.501204789438634257e-07 3.212639173591742370e-07 3.644105733849573958e-07 4.570022712494210360e-07 5.535625563504982061e-07 6.237535560296964909e-07 6.743241330889577590e-07 7.407669985207394425e-07 8.491918551692651895e-07 9.676577749098942227e-07 9.889940374444268023e-07 8.139729518200329117e-07 6.345792643594722982e-07 5.300000000000000078e-07 5.300000000000000078e-07 5.300000000000000078e-07
5.300000000000000078e-07 5.300000000000000078e-07 5.300000000000000078e-07 4.055560568497458085e-07 4.134305188211146820e-07 3.995459169084642859e-07 2.989860009586482270e-07 1.910273740316188274e-07 1.520774960420385547e-07 1.972162581035081608e-07 2.846286749638966362e-07 3.538977099163094031e-07 3.698602940596902122e-07 3.485090248625783793e-07 3.502515740786111642e-07 4.387164681554895729e-07 6.202214196685236025e-07 7.999932792893378142e-07 8.162529413505399212e-07 6.423488218013335505e-07 5.300000000000000078e-07 5.300000000000000078e-07 5.300000000000000078e-07
5.300000000000000078e-07 5.300000000000000078e-07 4.626582340586355791e-07 3.529102402547141615e-07 4.011552251506873368e-07 3.510550700150634007e-07 2.209387220966891696e-07 1.105289643158175828e-07 8.908424453809858146e-08 1.553985443672718325e-07 2.509286561883345790e-07 3.021884170687189986e-07 2.674724785004218652e-07 1.659400142864615269e-07 7.410850477870554510e-08 8.587225031194976378e-08 2.472770633824257025e-07 4.964450456293707326e-07 6.622553515592517293e-07 6.026478290857812759e-07 5.947246380935939747e-07 5.300000000000000078e-07 5.300000000000000078e-07
5.300000000000000078e-07 5.300000000000000078e-07 3.385253167801056484e-07 3.605338237969408588e-07 3.940003013861132863e-07 3.147861834543437076e-07 1.810617563671985486e-07 9.252324295746803596e-08 1.060685749246476994e-07 2.074128874221787633e-07 3.271369367633087755e-07 3.827223112887441026e-07 3.252396455502821560e-07 1.705121294174023283e-07 0.000000000000000000e+00 0.000000000000000000e+00 2.057126968909870680e-08 2.636850867668545184e-07 5.009983882212327522e-07 5.419979794988012223e-07 4.632281817032708282e-07 5.300000000000000078e-07 5.300000000000000078e-07
5.300000000000000078e-07 5.300000000000000078e-07 3.356271692803420670e-07 3.724721212586519037e-07 3.657500601287029063e-07 2.677429963307804506e-07 1.454540440329583440e-07 8.599878376233392242e-08 1.337245182378683317e-07 2.678147043036733599e-07 4.163433745555084975e-07 4.939905254866789697e-07 4.459306511842260157e-07 2.797533570367522848e-07 7.067121166190191484e-08 0.000000000000000000e+00 0.000000000000000000e+00 1.585404222362558435e-07 4.057220680545287983e-07 5.040721055019321362e-07 4.163058436882056490e-07 5.300000000000000078e-07 5.300000000000000078e-07
5.300000000000000078e-07 5.300000000000000078e-07 3.676619885220861839e-07 3.578586161859493664e-07 3.053019016499820360e-07 1.988545422784955086e-07 9.294948333379580486e-08 5.488985854870407689e-08 1.190059665271110212e-07 2.659536223484610751e-07 4.308280724410724438e-07 5.332082567713587273e-07 5.157324013419202025e-07 3.753449165936035648e-07 1.729362738581403469e-07 1.273483596494771387e-08 0.000000000000000000e+00 1.391979710399755355e-07 3.629765418247916464e-07 4.833656627193067912e-07 4.084037700261251380e-07 5.300000000000000078e-07 5.300000000000000078e-07
5.300000000000000078e-07 4.319782919162935364e-07 3.928922099896954101e-07 3.160129354876335206e-07 2.264471904448146311e-07 1.235807817204477110e-07 3.520492575378740053e-08 4.615094641194453793e-09 5.920217083374155532e-08 1.885879387112072514e-07 3.439334422830870686e-07 4.576815572102350493e-07 4.746689038506974689e-07 3.812692940266788433e-07 2.190036300101201128e-07 7.287500258942601118e-08 3.255681824273779835e-08 1.364831577768927751e-07 3.248567482808357532e-07 4.476075249351924945e-07 3.973980741159539398e-07 4.658881055400161209e-07 5.300000000000000078e-07
5.300000000000000078e-07 5.300000000000000078e-07 4.033221673319349143e-07 2.674381734971393676e-07 1.593948640868620792e-07 7.565365101188945896e-08 9.130792678915903302e-09 0.000000000000000000e+00 0.000000000000000000e+00 8.208443225274096090e-08 1.987089378610835488e-07 3.013055108761182133e-07 3.419498627602297425e-07 2.983985384355764914e-07 1.909595882546273138e-07 7.991284312200151231e-08 3.894158473602147620e-08 1.101466639022692184e-07 2.603704333262430815e-07 3.767652204681144290e-07 3.617900207212005703e-07 5.300000000000000078e-07 5.300000000000000078e-07
5.300000000000000078e-07 5.300000000000000078e-07 4.081678272052886392e-07 2.374202440217050103e-07 1.319633101695944866e-07 8.457596456653846740e-08 5.046835005603498626e-08 1.684512673935388062e-08 3.067045520583711136e-10 2.040272895217641103e-08 7.761383946788556255e-08 1.480411585555702991e-07 1.951390574697870839e-07 1.909313654971629226e-07 1.352994788442447394e-07 6.213560388576298333e-08 2.539972021739232201e-08 6.641813021931739836e-08 1.761063460628793187e-07 2.821940144906693682e-07 3.119717805214168116e-07 5.300000000000000078e-07 5.300000000000000078e-07
5.300000000000000078e-07 5.300000000000000078e-07 4.188698939936148313e-07 2.427438859934045545e-07 1.536927586323872752e-07 1.543484758906561261e-07 1.656721965184988299e-07 1.440570601710351262e-07 9.725864080908650845e-08 5.796730440240936201e-08 5.198453456730931844e-08 8.015979935524229273e-08 1.194878566105035211e-07 1.390605520748795321e-07 1.209063841281749852e-07 7.414079184061848405e-08 3.328856357373297993e-08 3.812571114511229876e-08 1.029218369433510894e-07 1.975504689847002815e-07 2.815618588295183222e-07 5.300000000000000078e-07 5.300000000000000078e-07
5.300000000000000078e-07 5.300000000000000078e-07 4.375739012255326166e-07 2.882237369897484391e-07 2.138311631108808875e-07 2.581080084121640617e-07 3.199956554192613190e-07 3.259451434326183594e-07 2.700825577642535869e-07 1.918158775163465257e-07 1.367741960814601121e-07 1.273589363984501766e-07 1.536129504723067008e-07 1.836010655745485642e-07 1.850209857559821181e-07 1.463440130203525846e-07 8.641217752599914871e-08 4.609032677879441376e-08 6.430111077068432547e-08 1.535369508212898004e-07 3.067687887062493324e-07 5.300000000000000078e-07 5.300000000000000078e-07
5.300000000000000078e-07 5.300000000000000078e-07 5.300000000000000078e-07 3.683093497977824959e-07 2.942234177419595731e-07 3.549568591290881237e-07 4.527798070933204222e-07 4.908710474774397958e-07 4.457783534542431958e-07 3.550705743885191701e-07 2.752467255243391342e-07 2.435436160533572625e-07 2.599031520014978092e-07 2.920313081370113728e-07 2.972011886606924314e-07 2.492160776648961551e-07 1.577694833679561348e-07 7.029760829143925417e-08 5.333831743089832212e-08 1.613652843582531282e-07 5.300000000000000078e-07 5.300000000000000078e-07 5.300000000000000078e-07
5.300000000000000078e-07 5.300000000000000078e-07 5.300000000000000078e-07 4.499606435240639335e-07 3.805879119647943376e-07 4.192298265218414677e-07 5.164386808212657420e-07 5.698730115591661238e-07 5.395803329713817298e-07 4.538124530620552910e-07 3.698578355818244823e-07 3.311375907935871588e-07 3.426245941421075336e-07 3.715025004305789558e-07 3.688886126576835600e-07 3.014040631535681392e-07 1.783758764043159395e-07 6.151143472496188092e-08 4.898428207641701061e-08 2.350267666054423976e-07 5.300000000000000078e-07 5.300000000000000078e-07 5.300000000000000078e-07
5.300000000000000078e-07 5.300000000000000078e-07 5.300000000000000078e-07 5.300000000000000078e-07 4.304910193889372827e-07 4.487926960075856264e-07 5.134903441353617459e-07 5.530469439088665318e-07 5.233147130093402744e-07 4.418503808404057132e-07 3.594821921263064801e-07 3.182266882243129735e-07 3.236533873144071627e-07 3.428437255218159485e-07 3.261865858542296415e-07 2.423986474889534371e-07 1.113525117682729693e-07 1.853462683473481643e-08 9.825007529914729144e-08 5.300000000000000078e-07 5.300000000000000078e-07 5.300000000000000078e-07 5.300000000000000078e-07
5.300000000000000078e-07 5.300000000000000078e-07 5.300000000000000078e-07 5.300000000000000078e-07 5.300000000000000078e-07 3.876842159536681798e-07 4.762219975043808595e-07 5.132826382828443534e-07 4.825343348238948316e-07 4.026616183830628948e-07 3.194491912120429411e-07 2.716612131928559470e-07 2.650973899301607240e-07 2.704441103299177562e-07 2.458258508989092739e-07 1.742945473518193544e-07 9.987812765873969379e-08 1.432418971228617088e-07 5.300000000000000078e-07 5.300000000000000078e-07 5.300000000000000078e-07 5.300000000000000078e-07 5.300000000000000078e-07
5.300000000000000078e-07 5.300000000000000078e-07 5.300000000000000078e-07 5.300000000000000078e-07 5.300000000000000078e-07 5.300000000000000078e-07 5.300000000000000078e-07 5.148245337830121649e-07 5.896457638835090698e-07 5.749427020043913295e-07 5.295257553564442865e-07 4.994323378207627762e-07 4.997824080158170623e-07 5.161177144566681896e-07 5.290357633095072820e-07 5.534495409756618833e-07 5.300000000000000078e-07 5.300000000000000078e-07 5.300000000000000078e-07 5.300000000000000078e-07 5.300000000000000078e-07 5.300000000000000078e-07 5.300000000000000078e-07
5.300000000000000078e-07 5.300000000000000078e-07 5.300000000000000078e-07 5.300000000000000078e-07 5.300000000000000078e-07 5.300000000000000078e-07 5.300000000000000078e-07 5.300000000000000078e-07 5.300000000000000078e-07 5.300000000000000078e-07 5.300000000000000078e-07 1.558211841003212620e-06 5.300000000000000078e-07 5.300000000000000078e-07 5.300000000000000078e-07 5.300000000000000078e-07 5.300000000000000078e-07 5.300000000000000078e-07 5.300000000000000078e-07 5.300000000000000078e-07 5.300000000000000078e-07 5.300000000000000078e-07 5.300000000000000078e-07
5.300000000000000078e-07 5.300000000000000078e-07 5.300000000000000078e-07 5.300000000000000078e-07 5.300000000000000078e-07 5.300000000000000078e-07 5.300000000000000078e-07 5.300000000000000078e-07 5.300000000000000078e-07 5.300000000000000078e-07 5.300000000000000078e-07 5.300000000000000078e-07 5.300000000000000078e-07 5.300000000000000078e-07 5.300000000000000078e-07 5.300000000000000078e-07 5.300000000000000078e-07 5.300000000000000078e-07 5.300000000000000078e-07 5.300000000000000078e-07 5.300000000000000078e-07 5.300000000000000078e-07 5.300000000000000078e-07
