6.100000000000000889e-07 6.100000000000000889e-07 6.100000000000000889e-07 6.100000000000000889e-07 6.100000000000000889e-07 6.100000000000000889e-07 6.100000000000000889e-07 6.100000000000000889e-07 6.100000000000000889e-07 6.100000000000000889e-07 6.100000000000000889e-07 6.100000000000000889e-07 6.100000000000000889e-07 6.100000000000000889e-07 6.100000000000000889e-07 6.100000000000000889e-07 6.100000000000000889e-07 6.100000000000000889e-07 6.100000000000000889e-07 6.100000000000000889e-07 6.100000000000000889e-07 6.100000000000000889e-07 6.100000000000000889e-07
6.100000000000000889e-07 6.100000000000000889e-07 6.100000000000000889e-07 6.100000000000000889e-07 6.100000000000000889e-07 6.100000000000000889e-07 6.100000000000000889e-07 6.100000000000000889e-07 6.100000000000000889e-07 6.100000000000000889e-07 6.100000000000000889e-07 6.667435449738696641e-07 6.100000000000000889e-07 6.100000000000000889e-07 6.100000000000000889e-07 6.100000000000000889e-07 6.100000000000000889e-07 6.100000000000000889e-07 6.100000000000000889e-07 6.100000000000000889e-07 6.100000000000000889e-07 6.100000000000000889e-07 6.100000000000000889e-07
6.100000000000000889e-07 6.100000000000000889e-07 6.100000000000000889e-07 6.100000000000000889e-07 6.100000000000000889e-07 6.100000000000000889e-07 6.100000000000000889e-07 6.127214497322348486e-07 6.717629041244073030e-07 6.989111078095084828e-07 7.234796789870052614e-07 7.129345497727264025e-07 6.542625065488756242e-07 5.888302975645138738e-07 5.797833992229335288e-07 6.183648643567358683e-07 6.100000000000000889e-07 6.100000000000000889e-07 6.100000000000000889e-07 6.100000000000000889e-07 6.100000000000000889e-07 6.100000000000000889e-07 6.100000000000000889e-07
6.100000000000000889e-07 6.100000000000000889e-07 6.100000000000000889e-07 6.100000000000000889e-07 6.100000000000000889e-07 5.911641657743167322e-07 6.884022944344543227e-07 6.646876464113666750e-07 7.046414075997382476e-07 8.475305712121190461e-07 1.015579640982978251e-06 1.097292311390774646e-06 1.031589078314355081e-06 8.517170321677986955e-07 6.668985960569535543e-07 5.845399037465177550e-07 6.065360473197507396e-07 5.697712019294704966e-07 6.100000000000000889e-07 6.100000000000000889e-07 6.100000000000000889e-07 6.100000000000000889e-07 6.100000000000000889e-07
6.100000000000000889e-07 6.100000000000000889e-07 6.100000000000000889e-07 6.100000000000000889e-07 5.399576955991143202e-07 5.633801684492574147e-07 4.660954850290728225e-07 4.125954255354009526e-07 5.225354506190888948e-07 7.846920190726087619e-07 1.080643527705760878e-06 1.263421466267900630e-06 1.241203704415384070e-06 1.026806784642176442e-06 7.302621717766306553e-07 4.941539223803921211e-07 3.996285890419677323e-07 4.050828287684999829e-07 4.194786803903844863e-07 6.100000000000000889e-07 6.100000000000000889e-07 6.100000000000000889e-07 6.100000000000000889e-07
6.100000000000000889e-07 6.100000000000000889e-07 6.100000000000000889e-07 5.195509082280842428e-07 4.803529229260312583e-07 4.003971831192394327e-07 2.439865617756005101e-07 1.634865320223617325e-07 2.703413023876783861e-07 5.516679870023473065e-07 8.883221475510800680e-07 1.126829913976835176e-06 1.159938363292312804e-06 9.787418086428807307e-07 6.734060270954251771e-07 3.794221747224220032e-07 1.920914762134635545e-07 1.035586755673285531e-07 5.418533459611362351e-08 2.333765955366835421e-07 6.100000000000000889e-07 6.100000000000000889e-07 6.100000000000000889e-07
6.100000000000000889e-07 6.100000000000000889e-07 6.100000000000000889e-07 4.924882112558044334e-07 4.977693840881875964e-07 3.990376448594907722e-07 1.923594360899734035e-07 4.105689226285912601e-08 6.999354622472319325e-08 2.856987172830123179e-07 5.882529584990698802e-07 8.348891632916639516e-07 9.151457042602124581e-07 8.031442312752552404e-07 5.641518569401433503e-07 3.100302869309963150e-07 1.214652051597659899e-07 0.000000000000000000e+00 0.000000000000000000e+00 0.000000000000000000e+00 6.100000000000000889e-07 6.100000000000000889e-07 6.100000000000000889e-07
6.100000000000000889e-07 6.100000000000000889e-07 7.364639024611825314e-07 5.679102123448138606e-07 6.405811269640799744e-07 5.403679274476054140e-07 2.919738612430229275e-07 6.597323858237368559e-08 0.000000000000000000e+00 1.209241694990488192e-07 3.557796041544498600e-07 5.803638238202075606e-07 6.898403334556497591e-07 6.485378697842498675e-07 5.004552782619249208e-07 3.326067307565245735e-07 2.047057982448314740e-07 8.535997080194656310e-08 0.000000000000000000e+00 0.000000000000000000e+00 0.000000000000000000e+00 6.100000000000000889e-07 6.100000000000000889e-07
6.100000000000000889e-07 6.100000000000000889e-07 6.713596000675898701e-07 6.712554060808180090e-07 7.874511702024029525e-07 7.032871699887983575e-07 4.537870942780137718e-07 1.991855064655829644e-07 7.528907912579606792e-08 1.246529840894801034e-07 2.957812334383198483e-07 4.866489568424732149e-07 6.037790491344459021e-07 6.088965662112151201e-07 5.318282624724452923e-07 4.408080080278160473e-07 3.796992721785137271e-07 3.058455312778824898e-07 9.231288726674401706e-08 0.000000000000000000e+00 0.000000000000000000e+00 6.100000000000000889e-07 6.100000000000000889e-07
6.100000000000000889e-07 6.100000000000000889e-07 6.297486826891691614e-07 6.969014442628214035e-07 8.258544702979271257e-07 7.814511341788239385e-07 5.875847356886516515e-07 3.729878123461822704e-07 2.548714796315472065e-07 2.781223706218589520e-07 4.085250104193256427e-07 5.650889810961963101e-07 6.690253108612160738e-07 6.852338991105717448e-07 6.363341650708071918e-07 5.792934586903448669e-07 5.505838977395434064e-07 5.075266350953462258e-07 3.210626850371773778e-07 0.000000000000000000e+00 0.000000000000000000e+00 6.100000000000000889e-07 6.100000000000000889e-07
6.100000000000000889e-07 6.100000000000000889e-07 5.694737616348539611e-07 6.172916002125112734e-07 7.265575724826340754e-07 7.349304517614292287e-07 6.392781834332346059e-07 5.196528284781016716e-07 4.599101820925717199e-07 4.968189834411169592e-07 6.077928339944811321e-07 7.315155833733661872e-07 8.057240698402530122e-07 8.022572323564964770e-07 7.411767050538038327e-07 6.733159729090949420e-07 6.340165913822921518e-07 5.900665122506871719e-07 4.269634523037530905e-07 5.458647860301434567e-08 0.000000000000000000e+00 6.100000000000000889e-07 6.100000000000000889e-07
6.100000000000000889e-07 6.268960383462036568e-07 5.175439447437930518e-07 4.922767821593516580e-07 5.471222116906211320e-07 5.967460811486808759e-07 6.057969833985772290e-07 5.970543412328061983e-07 6.128091162729283248e-07 6.758689032206894787e-07 7.723917285087373763e-07 8.604215785847919485e-07 8.955163643289416520e-07 8.582319700902736237e-07 7.674512964452879694e-07 6.686236090782677799e-07 5.969104208016779900e-07 5.320177002712262926e-07 3.841280992613611467e-07 7.883616530612934885e-08 0.000000000000000000e+00 8.362697051946816807e-07 6.100000000000000889e-07
6.100000000000000889e-07 6.100000000000000889e-07 5.229975307710084032e-07 4.187894823584066196e-07 3.903425060283189830e-07 4.476943324274180647e-07 5.301927707304094817e-07 6.048061581989123603e-07 6.720620710378717356e-07 7.409585115905066211e-07 8.075357548644752548e-07 8.509884132248408584e-07 8.462458104698817785e-07 7.828478480345075675e-07 6.766949944161388864e-07 5.638569461776661207e-07 4.740813743122635949e-07 3.959546425615918431e-07 2.658289296899602939e-07 3.864690183341744860e-08 0.000000000000000000e+00 6.100000000000000889e-07 6.100000000000000889e-07
6.100000000000000889e-07 6.100000000000000889e-07 5.869751184430789160e-07 4.579064373668735222e-07 3.408927675021551274e-07 3.706603585609264862e-07 4.777818524583927662e-07 5.830776156781076658e-07 6.518594225948255350e-07 6.847260884281787164e-07 6.924858403802864793e-07 6.795046935561550506e-07 6.423521121003978785e-07 5.790434151489172088e-07 4.984569407664458574e-07 4.196364777211420894e-07 3.566748027363792950e-07 2.967108507103695026e-07 1.962640105315223061e-07 4.467184948531221171e-08 7.279285722994254475e-08 6.100000000000000889e-07 6.100000000000000889e-07
6.100000000000000889e-07 6.100000000000000889e-07 6.235891582431214353e-07 5.778218571830258022e-07 4.053469659250914426e-07 3.979267112921298555e-07 4.968836570409258436e-07 5.893952323301483354e-07 6.146808281695121857e-07 5.725592899121785174e-07 4.952520874947914287e-07 4.175558096388705032e-07 3.606085946952226529e-07 3.304299120312499305e-07 3.242196832555783637e-07 3.350622811861831885e-07 3.491923045597651232e-07 3.393460012315336805e-07 2.729374265921797794e-07 1.748697392880422719e-07 3.117164901080833240e-07 6.100000000000000889e-07 6.100000000000000889e-07
6.100000000000000889e-07 6.100000000000000889e-07 5.107359150482444399e-07 6.572355665692703930e-07 4.871369718042479669e-07 4.718116450188609612e-07 5.749601214457562471e-07 6.564161615809644879e-07 6.337388135815309376e-07 5.102502875100618418e-07 3.441015216534288790e-07 2.047227660053614251e-07 1.406450273346855262e-07 1.661613559402759144e-07 2.636288051629527196e-07 3.933999714202946941e-07 5.044131789357926188e-07 5.453607975649539164e-07 4.891020345834113848e-07 4.015824394567608558e-07 6.109739054007696702e-07 6.100000000000000889e-07 6.100000000000000889e-07
6.100000000000000889e-07 6.100000000000000889e-07 6.100000000000000889e-07 6.041635593359024803e-07 4.389419806951628722e-07 4.503179830575028042e-07 6.127335786967342735e-07 7.458465908651852239e-07 7.347524323844118932e-07 5.789966969640409822e-07 3.590735381688865325e-07 1.784109705962328896e-07 1.139985947187234139e-07 1.898225711496344026e-07 3.741344862131519200e-07 5.942942912664512712e-07 7.614940919378205742e-07 8.020913916819700696e-07 7.025488023995058918e-07 5.911054856024839844e-07 6.100000000000000889e-07 6.100000000000000889e-07 6.100000000000000889e-07
6.100000000000000889e-07 6.100000000000000889e-07 6.100000000000000889e-07 6.602017485359830041e-07 2.504461057863955809e-07 2.053429561268422710e-07 4.551479825689603765e-07 7.303935227067632674e-07 8.436647355605237842e-07 7.607924878296763361e-07 5.646822593288198711e-07 3.818300335236564003e-07 3.142594372942404313e-07 3.981503759344924199e-07 5.948177978378772402e-07 8.099419936282721189e-07 9.330443041957188122e-07 8.911504486999184316e-07 7.183823093495085211e-07 6.568720600110828834e-07 6.100000000000000889e-07 6.100000000000000889e-07 6.100000000000000889e-07
6.100000000000000889e-07 6.100000000000000889e-07 6.100000000000000889e-07 6.100000000000000889e-07 4.493684279562877216e-07 0.000000000000000000e+00 3.884966230849395079e-08 4.568692439246297888e-07 7.885711560842174528e-07 8.993297619266378185e-07 8.274857485215398790e-07 6.940654550415821156e-07 6.142203804895280861e-07 6.391716588662894516e-07 7.393593356876955092e-07 8.272659065990957040e-07 8.120038891714649232e-07 6.772334294904431751e-07 5.793003687184501338e-07 6.100000000000000889e-07 6.100000000000000889e-07 6.100000000000000889e-07 6.100000000000000889e-07
6.100000000000000889e-07 6.100000000000000889e-07 6.100000000000000889e-07 6.100000000000000889e-07 6.100000000000000889e-07 4.075960184248834573e-07 0.000000000000000000e+00 0.000000000000000000e+00 4.303011841724220155e-07 7.681287847329805097e-07 8.892187956401904537e-07 8.536255783777597550e-07 7.638023042257919748e-07 6.876235964394801137e-07 6.318184172950942390e-07 5.672597744190717073e-07 4.987053465068675884e-07 5.685854482120340414e-07 6.100000000000000889e-07 6.100000000000000889e-07 6.100000000000000889e-07 6.100000000000000889e-07 6.100000000000000889e-07
6.100000000000000889e-07 6.100000000000000889e-07 6.100000000000000889e-07 6.100000000000000889e-07 6.100000000000000889e-07 6.100000000000000889e-07 6.100000000000000889e-07 1.314759122906341605e-09 2.678930781563403589e-08 3.487297980822041588e-07 5.977252463420519213e-07 6.788062868903217329e-07 6.349118059514331414e-07 5.483292959009851054e-07 5.021148858244124292e-07 6.063255135071450220e-07 6.100000000000000889e-07 6.100000000000000889e-07 6.100000000000000889e-07 6.100000000000000889e-07 6.100000000000000889e-07 6.100000000000000889e-07 6.100000000000000889e-07
6.100000000000000889e-07 6.100000000000000889e-07 6.100000000000000889e-07 6.100000000000000889e-07 6.100000000000000889e-07 6.100000000000000889e-07 6.100000000000000889e-07 6.100000000000000889e-07 6.100000000000000889e-07 6.100000000000000889e-07 6.100000000000000889e-07 6.246981733450957997e-07 6.100000000000000889e-07 6.100000000000000889e-07 6.100000000000000889e-07 6.100000000000000889e-07 6.100000000000000889e-07 6.100000000000000889e-07 6.100000000000000889e-07 6.100000000000000889e-07 6.100000000000000889e-07 6.100000000000000889e-07 6.100000000000000889e-07
6.100000000000000889e-07 6.100000000000000889e-07 6.100000000000000889e-07 6.100000000000000889e-07 6.100000000000000889e-07 6.100000000000000889e-07 6.100000000000000889e-07 6.100000000000000889e-07 6.100000000000000889e-07 6.100000000000000889e-07 6.100000000000000889e-07 6.100000000000000889e-07 6.100000000000000889e-07 6.100000000000000889e-07 6.100000000000000889e-07 6.100000000000000889e-07 6.100000000000000889e-07 6.100000000000000889e-07 6.100000000000000889e-07 6.100000000000000889e-07 6.100000000000000889e-07 6.100000000000000889e-07 6.100000000000000889e-07
