5.300000225361145567e-07 5.300000225361145567e-07 5.300000225361145567e-07 5.300000225361145567e-07 5.300000225361145567e-07 5.300000225361145567e-07 5.300000225361145567e-07 5.300000225361145567e-07 5.300000225361145567e-07 5.300000225361145567e-07 5.300000225361145567e-07 5.300000225361145567e-07 5.300000225361145567e-07 5.300000225361145567e-07 5.300000225361145567e-07 5.300000225361145567e-07 5.300000225361145567e-07 5.300000225361145567e-07 5.300000225361145567e-07 5.300000225361145567e-07 5.300000225361145567e-07 5.300000225361145567e-07 5.300000225361145567e-07
5.300000225361145567e-07 5.300000225361145567e-07 5.300000225361145567e-07 5.300000225361145567e-07 5.300000225361145567e-07 5.300000225361145567e-07 5.300000225361145567e-07 5.300000225361145567e-07 5.300000225361145567e-07 5.300000225361145567e-07 5.300000225361145567e-07 8.682450243213679641e-07 5.300000225361145567e-07 5.300000225361145567e-07 5.300000225361145567e-07 5.300000225361145567e-07 5.300000225361145567e-07 5.300000225361145567e-07 5.300000225361145567e-07 5.300000225361145567e-07 5.300000225361145567e-07 5.300000225361145567e-07 5.300000225361145567e-07
5.300000225361145567e-07 5.300000225361145567e-07 5.300000225361145567e-07 5.300000225361145567e-07 5.300000225361145567e-07 5.300000225361145567e-07 5.300000225361145567e-07 1.298643610425642692e-06 1.512737071607261896e-06 1.570758058733190410e-06 1.487586132498108782e-06 1.381946390210941900e-06 1.370391373711754568e-06 1.500175358160049655e-06 1.698001142358407378e-06 1.701700512057868764e-06 5.300000225361145567e-07 5.300000225361145567e-07 5.300000225361145567e-07 5.300000225361145567e-07 5.300000225361145567e-07 5.300000225361145567e-07 5.300000225361145567e-07
5.300000225361145567e-07 5.300000225361145567e-07 5.300000225361145567e-07 5.300000225361145567e-07 5.300000225361145567e-07 1.034550905387732200e-06 5.122998345541418530e-07 5.438305379357188940e-07 6.290024430199991912e-07 6.035670594428665936e-07 4.897494250144518446e-07 3.749280210740835173e-07 3.375627102286671288e-07 4.153312147536780685e-07 5.936008733442577068e-07 7.828954267097287811e-07 7.519061568928009365e-07 0.000000000000000000e+00 5.300000225361145567e-07 5.300000225361145567e-07 5.300000225361145567e-07 5.300000225361145567e-07 5.300000225361145567e-07
5.300000225361145567e-07 5.300000225361145567e-07 5.300000225361145567e-07 5.300000225361145567e-07 9.127101634476275649e-07 0.000000000000000000e+00 0.000000000000000000e+00 0.000000000000000000e+00 1.128395865634956863e-07 1.332219028427061858e-07 7.159985671023605391e-08 3.993307018390623853e-09 0.000000000000000000e+00 1.496704271630733274e-08 1.042531039274763316e-07 2.336802538138726959e-07 3.508941688323830022e-07 2.742408184985833941e-07 0.000000000000000000e+00 5.300000225361145567e-07 5.300000225361145567e-07 5.300000225361145567e-07 5.300000225361145567e-07
5.300000225361145567e-07 5.300000225361145567e-07 5.300000225361145567e-07 1.523402033853926696e-06 0.000000000000000000e+00 0.000000000000000000e+00 0.000000000000000000e+00 2.743047957665112335e-07 4.379929805509163998e-07 4.415881846853153547e-07 3.689801246764545795e-07 2.976130986098723952e-07 2.585449010439333506e-07 2.423084595193358837e-07 2.309382693965744693e-07 2.279566615470685065e-07 2.569132675489527173e-07 3.052294914596132003e-07 2.036184127973683644e-07 0.000000000000000000e+00 5.300000225361145567e-07 5.300000225361145567e-07 5.300000225361145567e-07
5.300000225361145567e-07 5.300000225361145567e-07 5.300000225361145567e-07 4.410024985190830193e-07 0.000000000000000000e+00 1.630506858418812044e-07 6.416502742467855569e-07 9.799302915780572221e-07 1.078487002814654261e-06 1.001450414150895085e-06 8.645968136988813058e-07 7.529866934419260360e-07 6.878877343297062907e-07 6.399025664904911537e-07 5.697500000678701326e-07 4.700340241470257752e-07 3.805857886618468910e-07 3.565729969068343053e-07 3.825443855021148920e-07 2.469115827352652559e-07 5.300000225361145567e-07 5.300000225361145567e-07 5.300000225361145567e-07
5.300000225361145567e-07 5.300000225361145567e-07 9.315476745541673154e-07 9.174848969450977165e-08 1.380173841880605323e-07 6.644153245360939763e-07 1.206304432344040833e-06 1.502334043834707700e-06 1.517057853561709635e-06 1.355418476123304572e-06 1.155871132141328417e-06 1.011812969409220386e-06 9.412337931280490011e-07 9.021268283504468855e-07 8.361738537132623605e-07 7.155578032325138338e-07 5.674611429640208371e-07 4.578654113629454514e-07 4.306999130676558707e-07 4.201659749014652334e-07 1.832166276471980382e-07 5.300000225361145567e-07 5.300000225361145567e-07
5.300000225361145567e-07 5.300000225361145567e-07 2.820912072820647154e-07 0.000000000000000000e+00 1.879642468338715844e-07 7.939847819216083735e-07 1.335293745796661824e-06 1.594802142790285870e-06 1.564692183819715865e-06 1.366611968478537165e-06 1.148851879406720400e-06 1.009852667266386561e-06 9.681098163127899170e-07 9.766051789483753964e-07 9.653267625253647566e-07 8.882316251401789486e-07 7.511566764151211828e-07 6.047059741831617430e-07 5.010072641198348720e-07 4.354841962594946381e-07 3.243760033910803031e-07 5.300000225361145567e-07 5.300000225361145567e-07
5.300000225361145567e-07 5.300000225361145567e-07 4.858361535298172385e-08 0.000000000000000000e+00 0.000000000000000000e+00 5.526479753825697117e-07 1.074970896297600120e-06 1.335200295216054656e-06 1.323010337728192098e-06 1.154699702965444885e-06 9.747195690579246730e-07 8.808788152236957103e-07 8.934146080719074234e-07 9.666293863119790331e-07 1.027688313115504570e-06 1.020408035401487723e-06 9.324754728368134238e-07 7.925076488390914164e-07 6.386846962413983420e-07 4.833878506360633764e-07 3.283180944890773389e-07 5.300000225361145567e-07 5.300000225361145567e-07
5.300000225361145567e-07 5.300000225361145567e-07 1.407716752055421239e-07 0.000000000000000000e+00 0.000000000000000000e+00 1.692514501883124467e-07 6.665884484391426668e-07 9.600021257938351482e-07 1.015905922940874007e-06 9.281874895350483712e-07 8.253824717030511238e-07 7.982479246493312530e-07 8.680219707457581535e-07 9.946334103005938232e-07 1.110453467845218256e-06 1.158889062935486436e-06 1.118163595492660534e-06 9.990606031351489946e-07 8.211825388571014628e-07 5.954214543635316659e-07 3.708429687776515493e-07 5.300000225361145567e-07 5.300000225361145567e-07
5.300000225361145567e-07 1.321071977145038545e-06 5.466637276185792871e-07 0.000000000000000000e+00 0.000000000000000000e+00 0.000000000000000000e+00 3.572433797671692446e-07 6.887361223562038504e-07 8.286081651931453962e-07 8.382762644032482058e-07 8.217591584980254993e-07 8.570683576181181706e-07 9.645291356719098985e-07 1.111826577471219935e-06 1.242361577169504017e-06 1.307649313275760505e-06 1.286007773160235956e-06 1.178648062705178745e-06 9.905188562697730958e-07 7.268534432114392985e-07 4.673175340030866209e-07 6.179832894304126967e-07 5.300000225361145567e-07
5.300000225361145567e-07 5.300000225361145567e-07 1.152925165115448181e-06 9.898812436404114123e-08 0.000000000000000000e+00 0.000000000000000000e+00 2.723411398619646206e-07 6.172274424898205325e-07 8.212381885641661938e-07 9.111630561164929532e-07 9.625357506592990831e-07 1.036803723764023744e-06 1.151148808276047930e-06 1.281269987885025330e-06 1.384682946081738919e-06 1.426686139893718064e-06 1.393114416714524850e-06 1.283318397327093408e-06 1.093498781301605050e-06 8.245700655606924556e-07 5.801381917081016582e-07 5.300000225361145567e-07 5.300000225361145567e-07
5.300000225361145567e-07 5.300000225361145567e-07 1.667038759478600696e-06 5.969993708276888356e-07 6.113882022873440292e-08 8.428452247244422324e-08 3.810762336797779426e-07 7.013542244749260135e-07 9.299170642407261766e-07 1.064305024556233548e-06 1.152509412349900231e-06 1.238118329638382420e-06 1.333375621470622718e-06 1.420960870746057481e-06 1.472992153139784932e-06 1.470804591008345596e-06 1.411474499946052674e-06 1.296835534958518110e-06 1.117872670874930918e-06 8.718756134840077721e-07 6.816047743996023200e-07 5.300000225361145567e-07 5.300000225361145567e-07
5.300000225361145567e-07 5.300000225361145567e-07 1.670184929025708698e-06 9.197995041176909581e-07 4.024690838377864566e-07 3.375270125616225414e-07 5.442215069706435315e-07 8.134927611536113545e-07 1.031603460432961583e-06 1.177946387542760931e-06 1.278049694519722834e-06 1.358858753519598395e-06 1.426798689863062464e-06 1.469899416406406090e-06 1.473412908126192633e-06 1.433858187738223933e-06 1.359294401481747627e-06 1.253857703886751551e-06 1.102177975553786382e-06 8.942568570091680158e-07 7.636928671672649216e-07 5.300000225361145567e-07 5.300000225361145567e-07
5.300000225361145567e-07 5.300000225361145567e-07 7.940843715914525092e-07 7.667905492780846544e-07 4.934599360240099486e-07 4.506650270741374698e-07 6.084302981435030233e-07 8.313955390804039780e-07 1.029061195367830805e-06 1.176086243503959849e-06 1.282757921217125840e-06 1.362266630167141557e-06 1.415288124917424284e-06 1.433617853763280436e-06 1.413192876498214900e-06 1.362794137094169855e-06 1.298051074627437629e-06 1.221038928633788601e-06 1.103813474401249550e-06 9.196267569677729625e-07 7.983345540196751244e-07 5.300000225361145567e-07 5.300000225361145567e-07
5.300000225361145567e-07 5.300000225361145567e-07 5.300000225361145567e-07 4.255372232364607044e-08 2.265223884023725986e-07 3.284083618382283021e-07 5.032794092585390899e-07 7.139258286770200357e-07 9.096988833334762603e-07 1.071061660695704632e-06 1.199052121592103504e-06 1.295823949476471171e-06 1.356751909042941406e-06 1.376281943521462381e-06 1.358748704660683870e-06 1.321800255027483217e-06 1.283837036680779420e-06 1.238008053405792452e-06 1.133803607444860972e-06 9.131382512350683101e-07 5.300000225361145567e-07 5.300000225361145567e-07 5.300000225361145567e-07
5.300000225361145567e-07 5.300000225361145567e-07 5.300000225361145567e-07 0.000000000000000000e+00 0.000000000000000000e+00 8.506381732331647072e-08 3.064183999867964303e-07 5.298693395161535591e-07 7.464742566298809834e-07 9.430362979401252232e-07 1.111176288759452291e-06 1.241562017639807891e-06 1.323747142123465892e-06 1.354215328319696710e-06 1.344722022622590885e-06 1.319894181506242603e-06 1.297269818678614683e-06 1.254544258699752390e-06 1.107742264139233157e-06 7.503401207031856757e-07 5.300000225361145567e-07 5.300000225361145567e-07 5.300000225361145567e-07
5.300000225361145567e-07 5.300000225361145567e-07 5.300000225361145567e-07 5.300000225361145567e-07 0.000000000000000000e+00 1.333238230927236145e-07 2.684421929188829381e-07 4.349508628820331069e-07 6.406212946785672102e-07 8.598990461905486882e-07 1.062015144270844758e-06 1.218201987285283394e-06 1.308415562562004197e-06 1.330550276179565117e-06 1.305093064729589969e-06 1.265476839762413874e-06 1.229066128871636465e-06 1.155755057880014647e-06 9.205455171468202025e-07 5.300000225361145567e-07 5.300000225361145567e-07 5.300000225361145567e-07 5.300000225361145567e-07
5.300000225361145567e-07 5.300000225361145567e-07 5.300000225361145567e-07 5.300000225361145567e-07 5.300000225361145567e-07 1.279530124520533718e-06 8.324656164404586889e-07 6.382051083164697047e-07 6.546400754814385436e-07 7.944219646560668480e-07 9.700830787551240064e-07 1.112144673243165016e-06 1.180533217848278582e-06 1.172673250948719215e-06 1.122029971156734973e-06 1.078642867469170596e-06 1.068321125785587355e-06 1.039660105561779346e-06 5.300000225361145567e-07 5.300000225361145567e-07 5.300000225361145567e-07 5.300000225361145567e-07 5.300000225361145567e-07
5.300000225361145567e-07 5.300000225361145567e-07 5.300000225361145567e-07 5.300000225361145567e-07 5.300000225361145567e-07 5.300000225361145567e-07 5.300000225361145567e-07 1.461984993511578068e-06 8.497771091242611874e-07 6.639697289756441023e-07 6.941706942598102614e-07 7.880936436777119525e-07 8.638770623292657547e-07 9.132145919465983752e-07 9.898786856865626760e-07 1.176442424366541672e-06 5.300000225361145567e-07 5.300000225361145567e-07 5.300000225361145567e-07 5.300000225361145567e-07 5.300000225361145567e-07 5.300000225361145567e-07 5.300000225361145567e-07
5.300000225361145567e-07 5.300000225361145567e-07 5.300000225361145567e-07 5.300000225361145567e-07 5.300000225361145567e-07 5.300000225361145567e-07 5.300000225361145567e-07 5.300000225361145567e-07 5.300000225361145567e-07 5.300000225361145567e-07 5.300000225361145567e-07 6.209730258888157550e-07 5.300000225361145567e-07 5.300000225361145567e-07 5.300000225361145567e-07 5.300000225361145567e-07 5.300000225361145567e-07 5.300000225361145567e-07 5.300000225361145567e-07 5.300000225361145567e-07 5.300000225361145567e-07 5.300000225361145567e-07 5.300000225361145567e-07
5.300000225361145567e-07 5.300000225361145567e-07 5.300000225361145567e-07 5.300000225361145567e-07 5.300000225361145567e-07 5.300000225361145567e-07 5.300000225361145567e-07 5.300000225361145567e-07 5.300000225361145567e-07 5.300000225361145567e-07 5.300000225361145567e-07 5.300000225361145567e-07 5.300000225361145567e-07 5.300000225361145567e-07 5.300000225361145567e-07 5.300000225361145567e-07 5.300000225361145567e-07 5.300000225361145567e-07 5.300000225361145567e-07 5.300000225361145567e-07 5.300000225361145567e-07 5.300000225361145567e-07 5.300000225361145567e-07
