3.695560906180617167e-07
4.295148130495363148e-07
4.296115037050185492e-07
4.600709360147448024e-07
-3.289206631507113343e-07
2.979305691042100079e-07
1.275637941944296472e-07
-2.820520990098884795e-07
-3.035076474589004647e-07
-3.905486494204524206e-07
2.794773301673103560e-08
-4.515158309459366137e-07
2.797079332594876178e-07
2.561828260638776555e-08
3.993081065800652141e-07
-6.219153192432713695e-08
3.893373730079474626e-07
-4.014638363969424972e-07
-3.568930821984395152e-07
-3.249378721648099599e-07
1.863479681674107269e-08
-3.714405920618446544e-07
-6.491507065220503137e-08
2.928696289927756879e-07
3.104888435245811706e-07
2.516200048319205962e-08
2.842309356765326811e-07
-6.932694418537721504e-08
-1.011320094335133035e-08
-1.177291295562099549e-07
-3.308707050564407837e-07
-7.988043648765597027e-08
2.580418767550440862e-09
2.839543924437748501e-07
-5.899662269825967087e-08
-3.360030405019642785e-07
3.526166665324126370e-07
-9.137588108387717512e-08
-1.922599608406017069e-07
7.912392874231954920e-08
-2.029317016649656580e-07
-9.391257549395959359e-08
-3.367341321336425608e-07
-3.109537090040248586e-07
-3.288029120085411705e-07
1.261622912807069952e-07
2.080639660562155768e-07
3.932188121780200163e-07
-2.537485599418687343e-08
8.223421588127166615e-08
3.166393582887394587e-07
1.392351833828797680e-07
5.368089261992281536e-08
-1.377062730512079725e-08
3.534208588007459184e-07
