6.099999723119253758e-07 6.099999723119253758e-07 6.099999723119253758e-07 6.099999723119253758e-07 6.099999723119253758e-07 6.099999723119253758e-07 6.099999723119253758e-07 6.099999723119253758e-07 6.099999723119253758e-07 6.099999723119253758e-07 6.099999723119253758e-07 6.099999723119253758e-07 6.099999723119253758e-07 6.099999723119253758e-07 6.099999723119253758e-07 6.099999723119253758e-07 6.099999723119253758e-07 6.099999723119253758e-07 6.099999723119253758e-07 6.099999723119253758e-07 6.099999723119253758e-07 6.099999723119253758e-07 6.099999723119253758e-07
6.099999723119253758e-07 6.099999723119253758e-07 6.099999723119253758e-07 6.099999723119253758e-07 6.099999723119253758e-07 6.099999723119253758e-07 6.099999723119253758e-07 6.099999723119253758e-07 6.099999723119253758e-07 6.099999723119253758e-07 6.099999723119253758e-07 7.231176937239069957e-07 6.099999723119253758e-07 6.099999723119253758e-07 6.099999723119253758e-07 6.099999723119253758e-07 6.099999723119253758e-07 6.099999723119253758e-07 6.099999723119253758e-07 6.099999723119253758e-07 6.099999723119253758e-07 6.099999723119253758e-07 6.099999723119253758e-07
6.099999723119253758e-07 6.099999723119253758e-07 6.099999723119253758e-07 6.099999723119253758e-07 6.099999723119253758e-07 6.099999723119253758e-07 6.099999723119253758e-07 0.000000000000000000e+00 2.998203854076564312e-07 5.183979965295293368e-07 8.111762213047768455e-07 1.128618578150053509e-06 1.269757603949983604e-06 1.036200956150423735e-06 3.226683702450827695e-07 0.000000000000000000e+00 6.099999723119253758e-07 6.099999723119253758e-07 6.099999723119253758e-07 6.099999723119253758e-07 6.099999723119253758e-07 6.099999723119253758e-07 6.099999723119253758e-07
6.099999723119253758e-07 6.099999723119253758e-07 6.099999723119253758e-07 6.099999723119253758e-07 6.099999723119253758e-07 0.000000000000000000e+00 3.170765978666167939e-07 5.453508151731512044e-07 5.801546762995712925e-07 7.263346901709155645e-07 1.049552793119801208e-06 1.401857844030018896e-06 1.562318743708601687e-06 1.392617718920519110e-06 9.312425390817224979e-07 3.681154225887439679e-07 0.000000000000000000e+00 0.000000000000000000e+00 6.099999723119253758e-07 6.099999723119253758e-07 6.099999723119253758e-07 6.099999723119253758e-07 6.099999723119253758e-07
6.099999723119253758e-07 6.099999723119253758e-07 6.099999723119253758e-07 6.099999723119253758e-07 0.000000000000000000e+00 3.121519966953201219e-07 6.133641363703645766e-07 6.240908874133310746e-07 6.606132956221699715e-07 9.117911758949048817e-07 1.331216481048613787e-06 1.709245225356426090e-06 1.817860493247280829e-06 1.550187676002678927e-06 9.998400400945683941e-07 4.430690410117676947e-07 1.989774602861871244e-07 3.497871716717781965e-07 3.043574849925789749e-07 6.099999723119253758e-07 6.099999723119253758e-07 6.099999723119253758e-07 6.099999723119253758e-07
6.099999723119253758e-07 6.099999723119253758e-07 6.099999723119253758e-07 7.897887144281412475e-08 2.026328047577408142e-07 5.637846243189414963e-07 6.147731710370862857e-07 5.566153618019598071e-07 6.670090897387126461e-07 1.033599346556002274e-06 1.531503016849455889e-06 1.923641320900060236e-06 1.996456376218702644e-06 1.672070766289834864e-06 1.060905788108357228e-06 4.361828587207128294e-07 1.236254547620774247e-07 3.060111453123681713e-07 7.430458595081290696e-07 4.023002020403509960e-07 6.099999723119253758e-07 6.099999723119253758e-07 6.099999723119253758e-07
6.099999723119253758e-07 6.099999723119253758e-07 6.099999723119253758e-07 4.089912977178755682e-07 6.375660177582176402e-07 7.113285960258508567e-07 5.494467814060044475e-07 4.463230425244546495e-07 6.151829552436538506e-07 1.052533434631186537e-06 1.580201569595374167e-06 1.960832605618634261e-06 2.016354073930415325e-06 1.707012188489898108e-06 1.151133574239793234e-06 5.828098892379784957e-07 2.561689029789704364e-07 3.108657438133377582e-07 6.138380967968259938e-07 5.872538508810976055e-07 6.099999723119253758e-07 6.099999723119253758e-07 6.099999723119253758e-07
6.099999723119253758e-07 6.099999723119253758e-07 1.187641714750498068e-06 9.977071613320731558e-07 1.069148197530012112e-06 8.199734224945132155e-07 4.690894854775251588e-07 3.321333679195959121e-07 5.396968845161609352e-07 1.005373519546992611e-06 1.515365966042736545e-06 1.850169155659386888e-06 1.882072638181853108e-06 1.619941258468315937e-06 1.194881861010799184e-06 7.970563729031709954e-07 5.849780109201674350e-07 5.941998892922129016e-07 6.723302021782728843e-07 4.617911883997294353e-07 0.000000000000000000e+00 6.099999723119253758e-07 6.099999723119253758e-07
6.099999723119253758e-07 6.099999723119253758e-07 1.489861006120918319e-06 1.614642087588435970e-06 1.410075583407888189e-06 8.709046142030274495e-07 3.876331788887910079e-07 2.487771837422769750e-07 4.953258212481159717e-07 9.675720775703666732e-07 1.428384848622954451e-06 1.685374172666342929e-06 1.667251353865140118e-06 1.436987531633349136e-06 1.146153408626560122e-06 9.510612244412186556e-07 9.220337915394338779e-07 9.822897482081316411e-07 9.125724318437278271e-07 4.517459899489040254e-07 0.000000000000000000e+00 6.099999723119253758e-07 6.099999723119253758e-07
6.099999723119253758e-07 6.099999723119253758e-07 1.881367325040628202e-06 2.052895524684572592e-06 1.591387444932479411e-06 8.574246521675377153e-07 3.224575948479468934e-07 2.242339860458741896e-07 5.207825779507402331e-07 9.931472959578968585e-07 1.390583065585815348e-06 1.549918010823603254e-06 1.453234972359496169e-06 1.214941676153102890e-06 1.010686446534236893e-06 9.764125934452749789e-07 1.116167823056457564e-06 1.262048272110405378e-06 1.128908024838892743e-06 5.001622298550501000e-07 0.000000000000000000e+00 6.099999723119253758e-07 6.099999723119253758e-07
6.099999723119253758e-07 6.099999723119253758e-07 2.064252612399286591e-06 2.218206873294548132e-06 1.613525682842009701e-06 8.085295348791987635e-07 2.976457835757173598e-07 2.673374979167419951e-07 6.137059926913934760e-07 1.079299863704363815e-06 1.409793526363500860e-06 1.468793016101699322e-06 1.281087179449968971e-06 1.001185864879516885e-06 8.249772349699924234e-07 8.777878974797204137e-07 1.122049752666498534e-06 1.332160309175378643e-06 1.182970663649030030e-06 4.916478815175651107e-07 0.000000000000000000e+00 6.099999723119253758e-07 6.099999723119253758e-07
6.099999723119253758e-07 8.254229442172800191e-07 1.930537337102578022e-06 2.125202854585950263e-06 1.535720684842090122e-06 7.791445000293606427e-07 3.388390155123488512e-07 3.679337794437742559e-07 7.345770995925704483e-07 1.171174062619684264e-06 1.432527142242179252e-06 1.404999920850968920e-06 1.140495442086830735e-06 8.151666293088055681e-07 6.333777946565533057e-07 7.124957619453198276e-07 9.936132983057177626e-07 1.227301027029170655e-06 1.081937512026343029e-06 4.150862480400974164e-07 0.000000000000000000e+00 8.673993647789757233e-07 6.099999723119253758e-07
6.099999723119253758e-07 6.099999723119253758e-07 1.516551151325984392e-06 1.848002966653439216e-06 1.435583953934838064e-06 8.260691402028896846e-07 4.683740826294524595e-07 5.103755711388657801e-07 8.349183531208836939e-07 1.199143525809631683e-06 1.383622702633147128e-06 1.294588628297788091e-06 9.938311222867923789e-07 6.565659873558615800e-07 4.777834874403197318e-07 5.622598564514191821e-07 8.425415671808877960e-07 1.072813574864994735e-06 9.446255830880545545e-07 3.629761238244100241e-07 0.000000000000000000e+00 6.099999723119253758e-07 6.099999723119253758e-07
6.099999723119253758e-07 6.099999723119253758e-07 9.520579737909429241e-07 1.462692353015881963e-06 1.360390797344734892e-06 9.775692433322547004e-07 6.975577093726315070e-07 6.885900347697315738e-07 8.918553362491365988e-07 1.127016957980231382e-06 1.220548483615857549e-06 1.098663005905109458e-06 8.174840786523418501e-07 5.284609301270393189e-07 3.968390558384271571e-07 5.052728511145687662e-07 7.834081543478532694e-07 1.007470018521416932e-06 9.115580041907378472e-07 4.444881938070466276e-07 1.926209165503678378e-07 6.099999723119253758e-07 6.099999723119253758e-07
6.099999723119253758e-07 6.099999723119253758e-07 4.601964747052988969e-07 1.018517195916501805e-06 1.290191221414715983e-06 1.202483190354541875e-06 1.010144842439331114e-06 9.074490208149654791e-07 9.269015208701603115e-07 9.846139619185123593e-07 9.738608923726133071e-07 8.443854540018946864e-07 6.354942456709977705e-07 4.559459512165631168e-07 4.230518584336095955e-07 5.872917654414777644e-07 8.770948625169694424e-07 1.101253815249947365e-06 1.043708607539883815e-06 6.771898029001022223e-07 5.084080498818366323e-07 6.099999723119253758e-07 6.099999723119253758e-07
6.099999723119253758e-07 6.099999723119253758e-07 4.734370975256751990e-07 5.831055887028924190e-07 1.140584345193929039e-06 1.391695036545570474e-06 1.337350909125234466e-06 1.160715328296646476e-06 9.916441285895416513e-07 8.622664608992636204e-07 7.487163884434266947e-07 6.296711489994777367e-07 5.224397909842082299e-07 4.819127070732065476e-07 5.667073423865076620e-07 7.903349796833936125e-07 1.083172264770837501e-06 1.293438344873720780e-06 1.252265292350784875e-06 9.192997936224855948e-07 6.110867616371251643e-07 6.099999723119253758e-07 6.099999723119253758e-07
6.099999723119253758e-07 6.099999723119253758e-07 6.099999723119253758e-07 4.244556635057961103e-07 8.497406156493525486e-07 1.380851472276845016e-06 1.540030893920629751e-06 1.390421630276250653e-06 1.116880866902647540e-06 8.579453378843027167e-07 6.747539487150788773e-07 5.779816660833603237e-07 5.635380944113421720e-07 6.319569934021274094e-07 7.850342171877855435e-07 1.006371121547999792e-06 1.240042593053658493e-06 1.383640324092993978e-06 1.308424543822184205e-06 9.102930107474094257e-07 6.099999723119253758e-07 6.099999723119253758e-07 6.099999723119253758e-07
6.099999723119253758e-07 6.099999723119253758e-07 6.099999723119253758e-07 1.418956344423349947e-06 6.200393727340269834e-07 1.068260871761594899e-06 1.438011622667545453e-06 1.456175368730328046e-06 1.244667146238498390e-06 9.899081305775325745e-07 8.131446520565077662e-07 7.503750225623662118e-07 7.799492323101731017e-07 8.596969109930796549e-07 9.536659035802586004e-07 1.041269797497079708e-06 1.108807964556035586e-06 1.124959680964821018e-06 9.979528385883895680e-07 5.026711846767284442e-07 6.099999723119253758e-07 6.099999723119253758e-07 6.099999723119253758e-07
6.099999723119253758e-07 6.099999723119253758e-07 6.099999723119253758e-07 6.099999723119253758e-07 1.419533191437949426e-06 7.160506925174559001e-07 9.599632448953343555e-07 1.175555894405988511e-06 1.194693368233856745e-06 1.119005105465475935e-06 1.060127033269964159e-06 1.051776735039311461e-06 1.056354903994360939e-06 1.012151187751442194e-06 8.850842050378560089e-07 7.012102969383704476e-07 5.430241003523406107e-07 4.938103188578679692e-07 5.100137059343978763e-07 6.099999723119253758e-07 6.099999723119253758e-07 6.099999723119253758e-07 6.099999723119253758e-07
6.099999723119253758e-07 6.099999723119253758e-07 6.099999723119253758e-07 6.099999723119253758e-07 6.099999723119253758e-07 1.565794491398264654e-06 5.296313929648022167e-07 5.384994778978580143e-07 7.574179790026391856e-07 9.650632364355260506e-07 1.125904873333638534e-06 1.207277591674937867e-06 1.146010731645219494e-06 8.922329470806289464e-07 4.754242581839207560e-07 4.970769396095420234e-08 0.000000000000000000e+00 2.455677474699768936e-07 6.099999723119253758e-07 6.099999723119253758e-07 6.099999723119253758e-07 6.099999723119253758e-07 6.099999723119253758e-07
6.099999723119253758e-07 6.099999723119253758e-07 6.099999723119253758e-07 6.099999723119253758e-07 6.099999723119253758e-07 6.099999723119253758e-07 6.099999723119253758e-07 2.493347324161732104e-07 5.643016720568994060e-08 3.510990893573762150e-07 7.164079534049960785e-07 9.321615834778640419e-07 8.756497891226899810e-07 5.418703494797227904e-07 1.067536459231632762e-07 0.000000000000000000e+00 6.099999723119253758e-07 6.099999723119253758e-07 6.099999723119253758e-07 6.099999723119253758e-07 6.099999723119253758e-07 6.099999723119253758e-07 6.099999723119253758e-07
6.099999723119253758e-07 6.099999723119253758e-07 6.099999723119253758e-07 6.099999723119253758e-07 6.099999723119253758e-07 6.099999723119253758e-07 6.099999723119253758e-07 6.099999723119253758e-07 6.099999723119253758e-07 6.099999723119253758e-07 6.099999723119253758e-07 4.763020911013882142e-07 6.099999723119253758e-07 6.099999723119253758e-07 6.099999723119253758e-07 6.099999723119253758e-07 6.099999723119253758e-07 6.099999723119253758e-07 6.099999723119253758e-07 6.099999723119253758e-07 6.099999723119253758e-07 6.099999723119253758e-07 6.099999723119253758e-07
6.099999723119253758e-07 6.099999723119253758e-07 6.099999723119253758e-07 6.099999723119253758e-07 6.099999723119253758e-07 6.099999723119253758e-07 6.099999723119253758e-07 6.099999723119253758e-07 6.099999723119253758e-07 6.099999723119253758e-07 6.099999723119253758e-07 6.099999723119253758e-07 6.099999723119253758e-07 6.099999723119253758e-07 6.099999723119253758e-07 6.099999723119253758e-07 6.099999723119253758e-07 6.099999723119253758e-07 6.099999723119253758e-07 6.099999723119253758e-07 6.099999723119253758e-07 6.099999723119253758e-07 6.099999723119253758e-07
5.300000225361145567e-07 5.300000225361145567e-07 5.300000225361145567e-07 5.300000225361145567e-07 5.300000225361145567e-07 5.300000225361145567e-07 5.300000225361145567e-07 5.300000225361145567e-07 5.300000225361145567e-07 5.300000225361145567e-07 5.300000225361145567e-07 5.300000225361145567e-07 5.300000225361145567e-07 5.300000225361145567e-07 5.300000225361145567e-07 5.300000225361145567e-07 5.300000225361145567e-07 5.300000225361145567e-07 5.300000225361145567e-07 5.300000225361145567e-07 5.300000225361145567e-07 5.300000225361145567e-07 5.300000225361145567e-07
5.300000225361145567e-07 5.300000225361145567e-07 5.300000225361145567e-07 5.300000225361145567e-07 5.300000225361145567e-07 5.300000225361145567e-07 5.300000225361145567e-07 5.300000225361145567e-07 5.300000225361145567e-07 5.300000225361145567e-07 5.300000225361145567e-07 2.641933406266616657e-06 5.300000225361145567e-07 5.300000225361145567e-07 5.300000225361145567e-07 5.300000225361145567e-07 5.300000225361145567e-07 5.300000225361145567e-07 5.300000225361145567e-07 5.300000225361145567e-07 5.300000225361145567e-07 5.300000225361145567e-07 5.300000225361145567e-07
5.300000225361145567e-07 5.300000225361145567e-07 5.300000225361145567e-07 5.300000225361145567e-07 5.300000225361145567e-07 5.300000225361145567e-07 5.300000225361145567e-07 5.489462751029350329e-07 1.457237317481485661e-06 1.647635144763626158e-06 1.466722551413113251e-06 1.207311129292065743e-06 1.035852960740157869e-06 1.018561192722700071e-06 1.193082880490692332e-06 1.661991973378462717e-06 5.300000225361145567e-07 5.300000225361145567e-07 5.300000225361145567e-07 5.300000225361145567e-07 5.300000225361145567e-07 5.300000225361145567e-07 5.300000225361145567e-07
5.300000225361145567e-07 5.300000225361145567e-07 5.300000225361145567e-07 5.300000225361145567e-07 5.300000225361145567e-07 2.675612336133781355e-07 9.958480404748115689e-07 1.468939672122360207e-06 1.530489726064843126e-06 1.355350832454860210e-06 1.149935883404396009e-06 1.027368853101506829e-06 1.001949499368492980e-06 1.040627012116601691e-06 1.118712361858342774e-06 1.252865558853955008e-06 1.526548658148385584e-06 2.181578565796371549e-06 5.300000225361145567e-07 5.300000225361145567e-07 5.300000225361145567e-07 5.300000225361145567e-07 5.300000225361145567e-07
5.300000225361145567e-07 5.300000225361145567e-07 5.300000225361145567e-07 5.300000225361145567e-07 1.418874035152839497e-06 1.251869889529189095e-06 1.347598072243272327e-06 1.289179294872155879e-06 1.109210188587894663e-06 9.578574236002168618e-07 9.257693136532907374e-07 1.000892666525032837e-06 1.111566007239161991e-06 1.197854203383030836e-06 1.259010559806483798e-06 1.347173338217544369e-06 1.515947133157169446e-06 1.787371957107097842e-06 2.271952553201117553e-06 5.300000225361145567e-07 5.300000225361145567e-07 5.300000225361145567e-07 5.300000225361145567e-07
5.300000225361145567e-07 5.300000225361145567e-07 5.300000225361145567e-07 2.194999069615732878e-06 1.453034883525106125e-06 1.253049617844226304e-06 1.056912765307060909e-06 7.975760354383965023e-07 5.980259629723150283e-07 5.655837753693049308e-07 6.990110819060646463e-07 8.992491302706184797e-07 1.044308646669378504e-06 1.074827196134719998e-06 1.039123731061408762e-06 1.065209971784497611e-06 1.262160822079749778e-06 1.604495992069132626e-06 1.920806653288309462e-06 2.191725798184052110e-06 5.300000225361145567e-07 5.300000225361145567e-07 5.300000225361145567e-07
5.300000225361145567e-07 5.300000225361145567e-07 5.300000225361145567e-07 1.583614675837452523e-06 1.350004254163650330e-06 1.084708856069482863e-06 7.239442538775620051e-07 3.850066150334896520e-07 2.187450434121274156e-07 2.883408285470068222e-07 5.274806085253658239e-07 7.807841484464006498e-07 8.954359600465977564e-07 8.153683666023425758e-07 6.280660613811051007e-07 5.290812623570673168e-07 7.007039357631583698e-07 1.148877004197856877e-06 1.606425712452619337e-06 1.690950739430263638e-06 5.300000225361145567e-07 5.300000225361145567e-07 5.300000225361145567e-07
5.300000225361145567e-07 5.300000225361145567e-07 1.054177573678316548e-06 1.481111212342511863e-06 1.379346940666437149e-06 1.009259676720830612e-06 5.441080475065973587e-07 1.701496330497320741e-07 3.147016514049028046e-08 1.586668076924979687e-07 4.503903596742020454e-07 7.229205039038788527e-07 8.054438467297586612e-07 6.375027510330255609e-07 3.202017637704557274e-07 8.418950869781838264e-08 1.651767433941131458e-07 6.218114094735938124e-07 1.191101205222366843e-06 1.353263769487966783e-06 8.708792620382155292e-07 5.300000225361145567e-07 5.300000225361145567e-07
5.300000225361145567e-07 5.300000225361145567e-07 1.019404635371756740e-06 1.651647608014172874e-06 1.477680598327424377e-06 1.016343730952939950e-06 5.072897124591690954e-07 1.287631619106832659e-07 2.699209744605468586e-09 1.460799694541492499e-07 4.537551774319581455e-07 7.405064934573601931e-07 8.290257937915157527e-07 6.456857590819709003e-07 2.774928304916102206e-07 0.000000000000000000e+00 0.000000000000000000e+00 2.902803828419564525e-07 8.440914598395465873e-07 1.063773197529371828e-06 5.495788855114369653e-07 5.300000225361145567e-07 5.300000225361145567e-07
5.300000225361145567e-07 5.300000225361145567e-07 1.343774670203856658e-06 1.793577212083619088e-06 1.493711351940874010e-06 1.012000097944110166e-06 5.380593393056187779e-07 1.930746691414242378e-07 7.234012855406035669e-08 1.995853153857751749e-07 4.947846150571422186e-07 7.961166375025641173e-07 9.320361300524382386e-07 8.110262683658220340e-07 4.845161356570315547e-07 1.426854225883289473e-07 2.342017069167923182e-08 2.515498351840506075e-07 6.786658559576608241e-07 8.633135166746797040e-07 4.171491809756844305e-07 5.300000225361145567e-07 5.300000225361145567e-07
5.300000225361145567e-07 5.300000225361145567e-07 1.590312876942334697e-06 1.711478262222954072e-06 1.326926621914026327e-06 9.251410233446222264e-07 5.740145638810645323e-07 3.081347017541702371e-07 1.953821993083693087e-07 2.822428939452947816e-07 5.362994102142693009e-07 8.397484521083242726e-07 1.039480594045016915e-06 1.027268694997474086e-06 8.079299504970549606e-07 5.139614245308621321e-07 3.420980192458955571e-07 4.205029995318909641e-07 6.648772910011757631e-07 7.476634209524490871e-07 3.867245936817198526e-07 5.300000225361145567e-07 5.300000225361145567e-07
5.300000225361145567e-07 0.000000000000000000e+00 1.591169393577729352e-06 1.382678760819544550e-06 9.829791451920755208e-07 7.484057960027712397e-07 5.925166419729066547e-07 4.477605557440256234e-07 3.523884970491053537e-07 3.826670251783070853e-07 5.659202315655420534e-07 8.417081858169694897e-07 1.086539555217314046e-06 1.181930656457552686e-06 1.086338897948735394e-06 8.685393595442292280e-07 6.733582722517894581e-07 6.203447924235661048e-07 6.819369673394248821e-07 6.499687970062950626e-07 3.779720714192080777e-07 5.816430075356038287e-07 5.300000225361145567e-07
5.300000225361145567e-07 5.300000225361145567e-07 1.413796553606516682e-06 9.462768275625421666e-07 5.712590791517868638e-07 5.355478833735105582e-07 6.038147830622619949e-07 6.030763870512600988e-07 5.359925125958397985e-07 5.039889288127596956e-07 5.930771749262930825e-07 8.034240863707964309e-07 1.048222202371107414e-06 1.208218236570246518e-06 1.205383114211144857e-06 1.052641096066508908e-06 8.463280209980439395e-07 6.941156698303529993e-07 6.135108492344443221e-07 4.947374350194877479e-07 2.968129138025688007e-07 5.300000225361145567e-07 5.300000225361145567e-07
5.300000225361145567e-07 5.300000225361145567e-07 1.245153839590784628e-06 6.370441951730754226e-07 2.671868628567608539e-07 3.772082095565565396e-07 6.308908382379740942e-07 7.616297921231307555e-07 7.282002343345084228e-07 6.410746777874010149e-07 6.297926233855832834e-07 7.464704481208173092e-07 9.414351325176539831e-07 1.104178068089822773e-06 1.136345872509991750e-06 1.013328187582374085e-06 7.971520972205325961e-07 5.858547638126765378e-07 4.232957167005224619e-07 2.484533467850269517e-07 3.466277576080756262e-08 5.300000225361145567e-07 5.300000225361145567e-07
5.300000225361145567e-07 5.300000225361145567e-07 1.201741270051570609e-06 6.756285984010901302e-07 2.534231100526085356e-07 3.712149236889672466e-07 6.932870064702001400e-07 8.946420280153688509e-07 8.855179203237639740e-07 7.616492894158000126e-07 6.686933602395583875e-07 6.902295126565149985e-07 8.060361551542882808e-07 9.209637710227980278e-07 9.346437082058400847e-07 8.085185072559397668e-07 5.892262038287299220e-07 3.662439098661707249e-07 1.768721347161772428e-07 0.000000000000000000e+00 0.000000000000000000e+00 5.300000225361145567e-07 5.300000225361145567e-07
5.300000225361145567e-07 5.300000225361145567e-07 1.054212248163821641e-06 1.110064886233885773e-06 6.404285954886290710e-07 5.924429160586441867e-07 8.037155794227146544e-07 9.641239557822700590e-07 9.457412488700356334e-07 8.064409939834149554e-07 6.738069373568578158e-07 6.333622764032043051e-07 6.788271207369689364e-07 7.321322073039482348e-07 7.072402468111249618e-07 5.744659574702382088e-07 3.809452380210132105e-07 1.981678394713526359e-07 0.000000000000000000e+00 0.000000000000000000e+00 0.000000000000000000e+00 5.300000225361145567e-07 5.300000225361145567e-07
5.300000225361145567e-07 5.300000225361145567e-07 5.300000225361145567e-07 1.581815695317345671e-06 1.347662077932909597e-06 1.050754917741869576e-06 9.723779612613725476e-07 9.503643241259851493e-07 8.616598847765999380e-07 7.175126484071370214e-07 5.964002980363147799e-07 5.536039111575519200e-07 5.764308639299997594e-07 6.005065529279818293e-07 5.652827894664369524e-07 4.659523256123065948e-07 3.543154889484867454e-07 2.528140043978055473e-07 0.000000000000000000e+00 0.000000000000000000e+00 5.300000225361145567e-07 5.300000225361145567e-07 5.300000225361145567e-07
5.300000225361145567e-07 5.300000225361145567e-07 5.300000225361145567e-07 9.623596497476682998e-07 1.902148369481437840e-06 1.603635837454930879e-06 1.194656306324759498e-06 8.836685196911275852e-07 6.529458005388733000e-07 4.926119459014444146e-07 4.194176312921626959e-07 4.343376929227815708e-07 4.995750941816368140e-07 5.583696065514232032e-07 5.801411475658824202e-07 5.889401109016034752e-07 6.249350121834140737e-07 5.967372089799027890e-07 6.749644398951204494e-09 0.000000000000000000e+00 5.300000225361145567e-07 5.300000225361145567e-07 5.300000225361145567e-07
5.300000225361145567e-07 5.300000225361145567e-07 5.300000225361145567e-07 5.300000225361145567e-07 1.081195250662858598e-06 1.762821966622141190e-06 1.373166014673188329e-06 8.422035193689225707e-07 4.481097448660875671e-07 2.466224486852297559e-07 2.199748507791809971e-07 3.149487781684001675e-07 4.624940004305244656e-07 6.105818783908034675e-07 7.574891469630529173e-07 9.445528235119127203e-07 1.155597374236094765e-06 1.074705892278871033e-06 0.000000000000000000e+00 5.300000225361145567e-07 5.300000225361145567e-07 5.300000225361145567e-07 5.300000225361145567e-07
5.300000225361145567e-07 5.300000225361145567e-07 5.300000225361145567e-07 5.300000225361145567e-07 5.300000225361145567e-07 3.015114771187654696e-07 1.095095512937405147e-06 8.503708954776811879e-07 4.636246444533753674e-07 2.390594033840898192e-07 2.198650292939419160e-07 3.450939516369544435e-07 5.369394671106419992e-07 7.586374408674601000e-07 1.035139348459779285e-06 1.396956122334813699e-06 1.692126261332305148e-06 1.212140432471642271e-06 5.300000225361145567e-07 5.300000225361145567e-07 5.300000225361145567e-07 5.300000225361145567e-07 5.300000225361145567e-07
5.300000225361145567e-07 5.300000225361145567e-07 5.300000225361145567e-07 5.300000225361145567e-07 5.300000225361145567e-07 5.300000225361145567e-07 5.300000225361145567e-07 5.793074819848698098e-07 8.371279704988410231e-07 7.990088306542020291e-07 7.691297128076257650e-07 8.007692144929023925e-07 8.806794085103319958e-07 1.026700715556216892e-06 1.296007553719391581e-06 1.666022626523044892e-06 5.300000225361145567e-07 5.300000225361145567e-07 5.300000225361145567e-07 5.300000225361145567e-07 5.300000225361145567e-07 5.300000225361145567e-07 5.300000225361145567e-07
5.300000225361145567e-07 5.300000225361145567e-07 5.300000225361145567e-07 5.300000225361145567e-07 5.300000225361145567e-07 5.300000225361145567e-07 5.300000225361145567e-07 5.300000225361145567e-07 5.300000225361145567e-07 5.300000225361145567e-07 5.300000225361145567e-07 1.992392753891181201e-06 5.300000225361145567e-07 5.300000225361145567e-07 5.300000225361145567e-07 5.300000225361145567e-07 5.300000225361145567e-07 5.300000225361145567e-07 5.300000225361145567e-07 5.300000225361145567e-07 5.300000225361145567e-07 5.300000225361145567e-07 5.300000225361145567e-07
5.300000225361145567e-07 5.300000225361145567e-07 5.300000225361145567e-07 5.300000225361145567e-07 5.300000225361145567e-07 5.300000225361145567e-07 5.300000225361145567e-07 5.300000225361145567e-07 5.300000225361145567e-07 5.300000225361145567e-07 5.300000225361145567e-07 5.300000225361145567e-07 5.300000225361145567e-07 5.300000225361145567e-07 5.300000225361145567e-07 5.300000225361145567e-07 5.300000225361145567e-07 5.300000225361145567e-07 5.300000225361145567e-07 5.300000225361145567e-07 5.300000225361145567e-07 5.300000225361145567e-07 5.300000225361145567e-07
4.700000033608375816e-07 4.700000033608375816e-07 4.700000033608375816e-07 4.700000033608375816e-07 4.700000033608375816e-07 4.700000033608375816e-07 4.700000033608375816e-07 4.700000033608375816e-07 4.700000033608375816e-07 4.700000033608375816e-07 4.700000033608375816e-07 4.700000033608375816e-07 4.700000033608375816e-07 4.700000033608375816e-07 4.700000033608375816e-07 4.700000033608375816e-07 4.700000033608375816e-07 4.700000033608375816e-07 4.700000033608375816e-07 4.700000033608375816e-07 4.700000033608375816e-07 4.700000033608375816e-07 4.700000033608375816e-07
4.700000033608375816e-07 4.700000033608375816e-07 4.700000033608375816e-07 4.700000033608375816e-07 4.700000033608375816e-07 4.700000033608375816e-07 4.700000033608375816e-07 4.700000033608375816e-07 4.700000033608375816e-07 4.700000033608375816e-07 4.700000033608375816e-07 1.178428306047862861e-06 4.700000033608375816e-07 4.700000033608375816e-07 4.700000033608375816e-07 4.700000033608375816e-07 4.700000033608375816e-07 4.700000033608375816e-07 4.700000033608375816e-07 4.700000033608375816e-07 4.700000033608375816e-07 4.700000033608375816e-07 4.700000033608375816e-07
4.700000033608375816e-07 4.700000033608375816e-07 4.700000033608375816e-07 4.700000033608375816e-07 4.700000033608375816e-07 4.700000033608375816e-07 4.700000033608375816e-07 7.345327048824401572e-07 6.861255883450212423e-07 5.860636065335711464e-07 4.891963385489361826e-07 4.367333588106703246e-07 4.306013750010606600e-07 4.305325091991107911e-07 3.808915209901897470e-07 2.437971033941721544e-07 4.700000033608375816e-07 4.700000033608375816e-07 4.700000033608375816e-07 4.700000033608375816e-07 4.700000033608375816e-07 4.700000033608375816e-07 4.700000033608375816e-07
4.700000033608375816e-07 4.700000033608375816e-07 4.700000033608375816e-07 4.700000033608375816e-07 4.700000033608375816e-07 7.670723789487965405e-07 8.494477015119628049e-07 8.494221219734754413e-07 7.968499176058685407e-07 7.014087373136135284e-07 6.081207857278059237e-07 5.566229219766682945e-07 5.418732484940846916e-07 5.146160333424631972e-07 4.166984979292465141e-07 2.192163037761929445e-07 0.000000000000000000e+00 0.000000000000000000e+00 4.700000033608375816e-07 4.700000033608375816e-07 4.700000033608375816e-07 4.700000033608375816e-07 4.700000033608375816e-07
4.700000033608375816e-07 4.700000033608375816e-07 4.700000033608375816e-07 4.700000033608375816e-07 9.267342306884529535e-07 9.814223176363157108e-07 9.945327974492101930e-07 1.018691023091378156e-06 9.855805274128215387e-07 8.965088227341766469e-07 8.071629622463660780e-07 7.592346946694306098e-07 7.394660315185319632e-07 6.906500971126661170e-07 5.592372644969145767e-07 3.404296933240402723e-07 7.401106927318323869e-08 0.000000000000000000e+00 0.000000000000000000e+00 4.700000033608375816e-07 4.700000033608375816e-07 4.700000033608375816e-07 4.700000033608375816e-07
4.700000033608375816e-07 4.700000033608375816e-07 4.700000033608375816e-07 9.418256468052277341e-07 1.081174900718906429e-06 1.024661628434841987e-06 1.085636881725804415e-06 1.147586203842365649e-06 1.120537376664287876e-06 1.027858047564222943e-06 9.420263609172252472e-07 9.030535466081346385e-07 8.844517651596106589e-07 8.189674645109334961e-07 6.597738888558524195e-07 4.323886173551727552e-07 2.282954767451883527e-07 1.030772125432122266e-07 0.000000000000000000e+00 0.000000000000000000e+00 4.700000033608375816e-07 4.700000033608375816e-07 4.700000033608375816e-07
4.700000033608375816e-07 4.700000033608375816e-07 4.700000033608375816e-07 1.197372739625279792e-06 1.074522742783301510e-06 1.067293624146259390e-06 1.190714328913600184e-06 1.263156832465028856e-06 1.217910266859689727e-06 1.112433778871491086e-06 1.033005332828906830e-06 1.010913933896517847e-06 1.000913130155822728e-06 9.233252171725325752e-07 7.380065198958618566e-07 5.013052373215032276e-07 3.562018378033826593e-07 4.210017721106851241e-07 5.732454724238777999e-07 1.729325163069006521e-07 4.700000033608375816e-07 4.700000033608375816e-07 4.700000033608375816e-07
4.700000033608375816e-07 4.700000033608375816e-07 9.687753390608122572e-07 1.223199774358363356e-06 1.084174414245353546e-06 1.163197680398297962e-06 1.317361920882831328e-06 1.364806848869193345e-06 1.283097276427724864e-06 1.163178922070073895e-06 1.097236008718027733e-06 1.100554413824283984e-06 1.105402475332084578e-06 1.018977627609274350e-06 8.076166295722941868e-07 5.557507165576680563e-07 4.504857429310504813e-07 6.612140168726909906e-07 1.118314798986830283e-06 1.245770249624911230e-06 0.000000000000000000e+00 4.700000033608375816e-07 4.700000033608375816e-07
4.700000033608375816e-07 4.700000033608375816e-07 1.179966034214885440e-06 1.197689698528847657e-06 1.132523948399466462e-06 1.276191824217676185e-06 1.421026922798773739e-06 1.419607883690332528e-06 1.297536869060422760e-06 1.170760469904053025e-06 1.127836640080204234e-06 1.162687112810090184e-06 1.184628217743011191e-06 1.089853526536899153e-06 8.520481742380070500e-07 5.794298090222582687e-07 4.912778877042001113e-07 7.888691015978110954e-07 1.433745978829392698e-06 1.900357233353133779e-06 1.040359052240091842e-06 4.700000033608375816e-07 4.700000033608375816e-07
4.700000033608375816e-07 4.700000033608375816e-07 1.189471049656276591e-06 1.158980580839852337e-06 1.175829083877033554e-06 1.346554086012474727e-06 1.455254505344782956e-06 1.401324311700591352e-06 1.250590798917983193e-06 1.131468820858572144e-06 1.120101615015300922e-06 1.186940721709106583e-06 1.221814727614400908e-06 1.115271288654184900e-06 8.508238806825829670e-07 5.557048439186473843e-07 4.668332280743925367e-07 7.939163424452999607e-07 1.502953864473965950e-06 2.100882284139515832e-06 1.575680585119698662e-06 4.700000033608375816e-07 4.700000033608375816e-07
4.700000033608375816e-07 4.700000033608375816e-07 1.106941112993808929e-06 1.100006329579628073e-06 1.173729287984315306e-06 1.341485926786845084e-06 1.408572529726370703e-06 1.318259364779805765e-06 1.161994987342040986e-06 1.067071139004838187e-06 1.090760520128242206e-06 1.181772063318931032e-06 1.217814542542328127e-06 1.092136471925186925e-06 8.021106623345986009e-07 4.892477249995863531e-07 3.924727423054719111e-07 7.050667818475631066e-07 1.370362724628648721e-06 1.912107563839526847e-06 1.472332883167837281e-06 4.700000033608375816e-07 4.700000033608375816e-07
4.700000033608375816e-07 3.335091491862840485e-08 9.882194262900156900e-07 1.018589045997941867e-06 1.118500676966505125e-06 1.269216795662941877e-06 1.308226615037710872e-06 1.210534719575662166e-06 1.075786940418765880e-06 1.017721956486639101e-06 1.071484007297840435e-06 1.169509914689115249e-06 1.188003693641803693e-06 1.033428475238906685e-06 7.220023690024390817e-07 4.048399091516330373e-07 3.071855871894513257e-07 5.820946853418718092e-07 1.126958864006155636e-06 1.475437102271826006e-06 9.576351658324711025e-07 0.000000000000000000e+00 4.700000033608375816e-07
4.700000033608375816e-07 4.700000033608375816e-07 8.653403256175806746e-07 9.262111007046769373e-07 1.028287329063459765e-06 1.161499881163763348e-06 1.195913569063122850e-06 1.122253252106020227e-06 1.031350393532193266e-06 1.013652877190907020e-06 1.082340645552903879e-06 1.162104695140442345e-06 1.140302629210054874e-06 9.479709888182696886e-07 6.250645014915789943e-07 3.273125344094296452e-07 2.512254013709025458e-07 4.890399623036500998e-07 8.767874533077701926e-07 9.661740705269039609e-07 3.345991217429400422e-07 4.700000033608375816e-07 4.700000033608375816e-07
4.700000033608375816e-07 4.700000033608375816e-07 7.465691851393785328e-07 8.337011649928172119e-07 9.230488444700313266e-07 1.043638803821522743e-06 1.094950789592985529e-06 1.068167989615176339e-06 1.031280817187507637e-06 1.045321710080315825e-06 1.104752641367667820e-06 1.136894752562511712e-06 1.053292294272978324e-06 8.200098591260029934e-07 5.041127337790385354e-07 2.599359163468761835e-07 2.412429864762088982e-07 4.639808537376666209e-07 6.990755991864716634e-07 5.455705149870482273e-07 0.000000000000000000e+00 4.700000033608375816e-07 4.700000033608375816e-07
4.700000033608375816e-07 4.700000033608375816e-07 6.081492074372363277e-07 7.360038125625578687e-07 8.057967306740465574e-07 9.149114248430123553e-07 9.919319836626527831e-07 1.017986733131692745e-06 1.029178747558034956e-06 1.054997028404613957e-06 1.076687567547196522e-06 1.034787828757544048e-06 8.763674941292265430e-07 6.099833740336180199e-07 3.299475679341412615e-07 1.812142897961166454e-07 2.620336658765154425e-07 5.034742684983939398e-07 6.229988116501772311e-07 3.234872565371915698e-07 0.000000000000000000e+00 4.700000033608375816e-07 4.700000033608375816e-07
4.700000033608375816e-07 4.700000033608375816e-07 3.928047362933284603e-07 6.114790949141024612e-07 6.648550083809823263e-07 7.553105660917935893e-07 8.488721050525782630e-07 9.142937642536708154e-07 9.532153626423678361e-07 9.653823553890106268e-07 9.253494681615848094e-07 7.956605827530438546e-07 5.661809154844377190e-07 2.900755475820915308e-07 8.386214744859898929e-08 7.202459073596401140e-08 2.858601533262117300e-07 5.715355655411258340e-07 6.237609682102629449e-07 3.390411507098178845e-07 7.761420874885516241e-07 4.700000033608375816e-07 4.700000033608375816e-07
4.700000033608375816e-07 4.700000033608375816e-07 4.700000033608375816e-07 4.337936161391553469e-07 4.953916459271567874e-07 5.569281142925319728e-07 6.441349569286103360e-07 7.222424187602882739e-07 7.633868790435371920e-07 7.428514550156251062e-07 6.344828307192074135e-07 4.275395326658326667e-07 1.552701576201798161e-07 0.000000000000000000e+00 0.000000000000000000e+00 0.000000000000000000e+00 3.115202105163916713e-07 6.241320420485862996e-07 6.296661467786179855e-07 5.474992121889954433e-07 4.700000033608375816e-07 4.700000033608375816e-07 4.700000033608375816e-07
4.700000033608375816e-07 4.700000033608375816e-07 4.700000033608375816e-07 1.664069770868081832e-07 3.103019707850762643e-07 3.500327068195474567e-07 4.120630592296947725e-07 4.806988727068528533e-07 5.117886985317454673e-07 4.641709097086277325e-07 3.146071776427561417e-07 7.720834105384710710e-08 0.000000000000000000e+00 0.000000000000000000e+00 0.000000000000000000e+00 0.000000000000000000e+00 3.858808383938594488e-07 6.106060368438193109e-07 5.001837166673794854e-07 7.719141876805224456e-07 4.700000033608375816e-07 4.700000033608375816e-07 4.700000033608375816e-07
4.700000033608375816e-07 4.700000033608375816e-07 4.700000033608375816e-07 4.700000033608375816e-07 7.170538651735114399e-08 1.549657611121801892e-07 2.121873308169597294e-07 2.853647060874209274e-07 3.359817242198914755e-07 3.162171537951508071e-07 2.050238094852829818e-07 3.031206574632960837e-08 0.000000000000000000e+00 0.000000000000000000e+00 3.778723112191073596e-09 3.082737691784132039e-07 5.304848968989972491e-07 3.732242817022779491e-07 0.000000000000000000e+00 4.700000033608375816e-07 4.700000033608375816e-07 4.700000033608375816e-07 4.700000033608375816e-07
4.700000033608375816e-07 4.700000033608375816e-07 4.700000033608375816e-07 4.700000033608375816e-07 4.700000033608375816e-07 0.000000000000000000e+00 0.000000000000000000e+00 8.459892342216335237e-08 2.656069852946529863e-07 4.081811937339807628e-07 4.863074423155921977e-07 5.187874307921447325e-07 5.637712092720903456e-07 6.762475095456466079e-07 8.340384738403372467e-07 8.642942361802852247e-07 4.450568837910395814e-07 0.000000000000000000e+00 4.700000033608375816e-07 4.700000033608375816e-07 4.700000033608375816e-07 4.700000033608375816e-07 4.700000033608375816e-07
4.700000033608375816e-07 4.700000033608375816e-07 4.700000033608375816e-07 4.700000033608375816e-07 4.700000033608375816e-07 4.700000033608375816e-07 4.700000033608375816e-07 0.000000000000000000e+00 0.000000000000000000e+00 2.150542570689140121e-07 7.211962156361551024e-07 1.152544655269593932e-06 1.490036083851009607e-06 1.672372491157148033e-06 1.523367586742097046e-06 7.060908728817594238e-07 4.700000033608375816e-07 4.700000033608375816e-07 4.700000033608375816e-07 4.700000033608375816e-07 4.700000033608375816e-07 4.700000033608375816e-07 4.700000033608375816e-07
4.700000033608375816e-07 4.700000033608375816e-07 4.700000033608375816e-07 4.700000033608375816e-07 4.700000033608375816e-07 4.700000033608375816e-07 4.700000033608375816e-07 4.700000033608375816e-07 4.700000033608375816e-07 4.700000033608375816e-07 4.700000033608375816e-07 0.000000000000000000e+00 4.700000033608375816e-07 4.700000033608375816e-07 4.700000033608375816e-07 4.700000033608375816e-07 4.700000033608375816e-07 4.700000033608375816e-07 4.700000033608375816e-07 4.700000033608375816e-07 4.700000033608375816e-07 4.700000033608375816e-07 4.700000033608375816e-07
4.700000033608375816e-07 4.700000033608375816e-07 4.700000033608375816e-07 4.700000033608375816e-07 4.700000033608375816e-07 4.700000033608375816e-07 4.700000033608375816e-07 4.700000033608375816e-07 4.700000033608375816e-07 4.700000033608375816e-07 4.700000033608375816e-07 4.700000033608375816e-07 4.700000033608375816e-07 4.700000033608375816e-07 4.700000033608375816e-07 4.700000033608375816e-07 4.700000033608375816e-07 4.700000033608375816e-07 4.700000033608375816e-07 4.700000033608375816e-07 4.700000033608375816e-07 4.700000033608375816e-07 4.700000033608375816e-07
