5.300000225361145567e-07 5.300000225361145567e-07 5.300000225361145567e-07 5.300000225361145567e-07 5.300000225361145567e-07 5.300000225361145567e-07 5.300000225361145567e-07 5.300000225361145567e-07 5.300000225361145567e-07 5.300000225361145567e-07 5.300000225361145567e-07 5.300000225361145567e-07 5.300000225361145567e-07 5.300000225361145567e-07 5.300000225361145567e-07 5.300000225361145567e-07 5.300000225361145567e-07 5.300000225361145567e-07 5.300000225361145567e-07 5.300000225361145567e-07 5.300000225361145567e-07 5.300000225361145567e-07 5.300000225361145567e-07
5.300000225361145567e-07 5.300000225361145567e-07 5.300000225361145567e-07 5.300000225361145567e-07 5.300000225361145567e-07 5.300000225361145567e-07 5.300000225361145567e-07 5.300000225361145567e-07 5.300000225361145567e-07 5.300000225361145567e-07 5.300000225361145567e-07 2.641933406266616657e-06 5.300000225361145567e-07 5.300000225361145567e-07 5.300000225361145567e-07 5.300000225361145567e-07 5.300000225361145567e-07 5.300000225361145567e-07 5.300000225361145567e-07 5.300000225361145567e-07 5.300000225361145567e-07 5.300000225361145567e-07 5.300000225361145567e-07
5.300000225361145567e-07 5.300000225361145567e-07 5.300000225361145567e-07 5.300000225361145567e-07 5.300000225361145567e-07 5.300000225361145567e-07 5.300000225361145567e-07 5.489462751029350329e-07 1.457237317481485661e-06 1.647635144763626158e-06 1.466722551413113251e-06 1.207311129292065743e-06 1.035852960740157869e-06 1.018561192722700071e-06 1.193082880490692332e-06 1.661991973378462717e-06 5.300000225361145567e-07 5.300000225361145567e-07 5.300000225361145567e-07 5.300000225361145567e-07 5.300000225361145567e-07 5.300000225361145567e-07 5.300000225361145567e-07
5.300000225361145567e-07 5.300000225361145567e-07 5.300000225361145567e-07 5.300000225361145567e-07 5.300000225361145567e-07 2.675612336133781355e-07 9.958480404748115689e-07 1.468939672122360207e-06 1.530489726064843126e-06 1.355350832454860210e-06 1.149935883404396009e-06 1.027368853101506829e-06 1.001949499368492980e-06 1.040627012116601691e-06 1.118712361858342774e-06 1.252865558853955008e-06 1.526548658148385584e-06 2.181578565796371549e-06 5.300000225361145567e-07 5.300000225361145567e-07 5.300000225361145567e-07 5.300000225361145567e-07 5.300000225361145567e-07
5.300000225361145567e-07 5.300000225361145567e-07 5.300000225361145567e-07 5.300000225361145567e-07 1.418874035152839497e-06 1.251869889529189095e-06 1.347598072243272327e-06 1.289179294872155879e-06 1.109210188587894663e-06 9.578574236002168618e-07 9.257693136532907374e-07 1.000892666525032837e-06 1.111566007239161991e-06 1.197854203383030836e-06 1.259010559806483798e-06 1.347173338217544369e-06 1.515947133157169446e-06 1.787371957107097842e-06 2.271952553201117553e-06 5.300000225361145567e-07 5.300000225361145567e-07 5.300000225361145567e-07 5.300000225361145567e-07
5.300000225361145567e-07 5.300000225361145567e-07 5.300000225361145567e-07 2.194999069615732878e-06 1.453034883525106125e-06 1.253049617844226304e-06 1.056912765307060909e-06 7.975760354383965023e-07 5.980259629723150283e-07 5.655837753693049308e-07 6.990110819060646463e-07 8.992491302706184797e-07 1.044308646669378504e-06 1.074827196134719998e-06 1.039123731061408762e-06 1.065209971784497611e-06 1.262160822079749778e-06 1.604495992069132626e-06 1.920806653288309462e-06 2.191725798184052110e-06 5.300000225361145567e-07 5.300000225361145567e-07 5.300000225361145567e-07
5.300000225361145567e-07 5.300000225361145567e-07 5.300000225361145567e-07 1.583614675837452523e-06 1.350004254163650330e-06 1.084708856069482863e-06 7.239442538775620051e-07 3.850066150334896520e-07 2.187450434121274156e-07 2.883408285470068222e-07 5.274806085253658239e-07 7.807841484464006498e-07 8.954359600465977564e-07 8.153683666023425758e-07 6.280660613811051007e-07 5.290812623570673168e-07 7.007039357631583698e-07 1.148877004197856877e-06 1.606425712452619337e-06 1.690950739430263638e-06 5.300000225361145567e-07 5.300000225361145567e-07 5.300000225361145567e-07
5.300000225361145567e-07 5.300000225361145567e-07 1.054177573678316548e-06 1.481111212342511863e-06 1.379346940666437149e-06 1.009259676720830612e-06 5.441080475065973587e-07 1.701496330497320741e-07 3.147016514049028046e-08 1.586668076924979687e-07 4.503903596742020454e-07 7.229205039038788527e-07 8.054438467297586612e-07 6.375027510330255609e-07 3.202017637704557274e-07 8.418950869781838264e-08 1.651767433941131458e-07 6.218114094735938124e-07 1.191101205222366843e-06 1.353263769487966783e-06 8.708792620382155292e-07 5.300000225361145567e-07 5.300000225361145567e-07
5.300000225361145567e-07 5.300000225361145567e-07 1.019404635371756740e-06 1.651647608014172874e-06 1.477680598327424377e-06 1.016343730952939950e-06 5.072897124591690954e-07 1.287631619106832659e-07 2.699209744605468586e-09 1.460799694541492499e-07 4.537551774319581455e-07 7.405064934573601931e-07 8.290257937915157527e-07 6.456857590819709003e-07 2.774928304916102206e-07 0.000000000000000000e+00 0.000000000000000000e+00 2.902803828419564525e-07 8.440914598395465873e-07 1.063773197529371828e-06 5.495788855114369653e-07 5.300000225361145567e-07 5.300000225361145567e-07
5.300000225361145567e-07 5.300000225361145567e-07 1.343774670203856658e-06 1.793577212083619088e-06 1.493711351940874010e-06 1.012000097944110166e-06 5.380593393056187779e-07 1.930746691414242378e-07 7.234012855406035669e-08 1.995853153857751749e-07 4.947846150571422186e-07 7.961166375025641173e-07 9.320361300524382386e-07 8.110262683658220340e-07 4.845161356570315547e-07 1.426854225883289473e-07 2.342017069167923182e-08 2.515498351840506075e-07 6.786658559576608241e-07 8.633135166746797040e-07 4.171491809756844305e-07 5.300000225361145567e-07 5.300000225361145567e-07
5.300000225361145567e-07 5.300000225361145567e-07 1.590312876942334697e-06 1.711478262222954072e-06 1.326926621914026327e-06 9.251410233446222264e-07 5.740145638810645323e-07 3.081347017541702371e-07 1.953821993083693087e-07 2.822428939452947816e-07 5.362994102142693009e-07 8.397484521083242726e-07 1.039480594045016915e-06 1.027268694997474086e-06 8.079299504970549606e-07 5.139614245308621321e-07 3.420980192458955571e-07 4.205029995318909641e-07 6.648772910011757631e-07 7.476634209524490871e-07 3.867245936817198526e-07 5.300000225361145567e-07 5.300000225361145567e-07
5.300000225361145567e-07 0.000000000000000000e+00 1.591169393577729352e-06 1.382678760819544550e-06 9.829791451920755208e-07 7.484057960027712397e-07 5.925166419729066547e-07 4.477605557440256234e-07 3.523884970491053537e-07 3.826670251783070853e-07 5.659202315655420534e-07 8.417081858169694897e-07 1.086539555217314046e-06 1.181930656457552686e-06 1.086338897948735394e-06 8.685393595442292280e-07 6.733582722517894581e-07 6.203447924235661048e-07 6.819369673394248821e-07 6.499687970062950626e-07 3.779720714192080777e-07 5.816430075356038287e-07 5.300000225361145567e-07
5.300000225361145567e-07 5.300000225361145567e-07 1.413796553606516682e-06 9.462768275625421666e-07 5.712590791517868638e-07 5.355478833735105582e-07 6.038147830622619949e-07 6.030763870512600988e-07 5.359925125958397985e-07 5.039889288127596956e-07 5.930771749262930825e-07 8.034240863707964309e-07 1.048222202371107414e-06 1.208218236570246518e-06 1.205383114211144857e-06 1.052641096066508908e-06 8.463280209980439395e-07 6.941156698303529993e-07 6.135108492344443221e-07 4.947374350194877479e-07 2.968129138025688007e-07 5.300000225361145567e-07 5.300000225361145567e-07
5.300000225361145567e-07 5.300000225361145567e-07 1.245153839590784628e-06 6.370441951730754226e-07 2.671868628567608539e-07 3.772082095565565396e-07 6.308908382379740942e-07 7.616297921231307555e-07 7.282002343345084228e-07 6.410746777874010149e-07 6.297926233855832834e-07 7.464704481208173092e-07 9.414351325176539831e-07 1.104178068089822773e-06 1.136345872509991750e-06 1.013328187582374085e-06 7.971520972205325961e-07 5.858547638126765378e-07 4.232957167005224619e-07 2.484533467850269517e-07 3.466277576080756262e-08 5.300000225361145567e-07 5.300000225361145567e-07
5.300000225361145567e-07 5.300000225361145567e-07 1.201741270051570609e-06 6.756285984010901302e-07 2.534231100526085356e-07 3.712149236889672466e-07 6.932870064702001400e-07 8.946420280153688509e-07 8.855179203237639740e-07 7.616492894158000126e-07 6.686933602395583875e-07 6.902295126565149985e-07 8.060361551542882808e-07 9.209637710227980278e-07 9.346437082058400847e-07 8.085185072559397668e-07 5.892262038287299220e-07 3.662439098661707249e-07 1.768721347161772428e-07 0.000000000000000000e+00 0.000000000000000000e+00 5.300000225361145567e-07 5.300000225361145567e-07
5.300000225361145567e-07 5.300000225361145567e-07 1.054212248163821641e-06 1.110064886233885773e-06 6.404285954886290710e-07 5.924429160586441867e-07 8.037155794227146544e-07 9.641239557822700590e-07 9.457412488700356334e-07 8.064409939834149554e-07 6.738069373568578158e-07 6.333622764032043051e-07 6.788271207369689364e-07 7.321322073039482348e-07 7.072402468111249618e-07 5.744659574702382088e-07 3.809452380210132105e-07 1.981678394713526359e-07 0.000000000000000000e+00 0.000000000000000000e+00 0.000000000000000000e+00 5.300000225361145567e-07 5.300000225361145567e-07
5.300000225361145567e-07 5.300000225361145567e-07 5.300000225361145567e-07 1.581815695317345671e-06 1.347662077932909597e-06 1.050754917741869576e-06 9.723779612613725476e-07 9.503643241259851493e-07 8.616598847765999380e-07 7.175126484071370214e-07 5.964002980363147799e-07 5.536039111575519200e-07 5.764308639299997594e-07 6.005065529279818293e-07 5.652827894664369524e-07 4.659523256123065948e-07 3.543154889484867454e-07 2.528140043978055473e-07 0.000000000000000000e+00 0.000000000000000000e+00 5.300000225361145567e-07 5.300000225361145567e-07 5.300000225361145567e-07
5.300000225361145567e-07 5.300000225361145567e-07 5.300000225361145567e-07 9.623596497476682998e-07 1.902148369481437840e-06 1.603635837454930879e-06 1.194656306324759498e-06 8.836685196911275852e-07 6.529458005388733000e-07 4.926119459014444146e-07 4.194176312921626959e-07 4.343376929227815708e-07 4.995750941816368140e-07 5.583696065514232032e-07 5.801411475658824202e-07 5.889401109016034752e-07 6.249350121834140737e-07 5.967372089799027890e-07 6.749644398951204494e-09 0.000000000000000000e+00 5.300000225361145567e-07 5.300000225361145567e-07 5.300000225361145567e-07
5.300000225361145567e-07 5.300000225361145567e-07 5.300000225361145567e-07 5.300000225361145567e-07 1.081195250662858598e-06 1.762821966622141190e-06 1.373166014673188329e-06 8.422035193689225707e-07 4.481097448660875671e-07 2.466224486852297559e-07 2.199748507791809971e-07 3.149487781684001675e-07 4.624940004305244656e-07 6.105818783908034675e-07 7.574891469630529173e-07 9.445528235119127203e-07 1.155597374236094765e-06 1.074705892278871033e-06 0.000000000000000000e+00 5.300000225361145567e-07 5.300000225361145567e-07 5.300000225361145567e-07 5.300000225361145567e-07
5.300000225361145567e-07 5.300000225361145567e-07 5.300000225361145567e-07 5.300000225361145567e-07 5.300000225361145567e-07 3.015114771187654696e-07 1.095095512937405147e-06 8.503708954776811879e-07 4.636246444533753674e-07 2.390594033840898192e-07 2.198650292939419160e-07 3.450939516369544435e-07 5.369394671106419992e-07 7.586374408674601000e-07 1.035139348459779285e-06 1.396956122334813699e-06 1.692126261332305148e-06 1.212140432471642271e-06 5.300000225361145567e-07 5.300000225361145567e-07 5.300000225361145567e-07 5.300000225361145567e-07 5.300000225361145567e-07
5.300000225361145567e-07 5.300000225361145567e-07 5.300000225361145567e-07 5.300000225361145567e-07 5.300000225361145567e-07 5.300000225361145567e-07 5.300000225361145567e-07 5.793074819848698098e-07 8.371279704988410231e-07 7.990088306542020291e-07 7.691297128076257650e-07 8.007692144929023925e-07 8.806794085103319958e-07 1.026700715556216892e-06 1.296007553719391581e-06 1.666022626523044892e-06 5.300000225361145567e-07 5.300000225361145567e-07 5.300000225361145567e-07 5.300000225361145567e-07 5.300000225361145567e-07 5.300000225361145567e-07 5.300000225361145567e-07
5.300000225361145567e-07 5.300000225361145567e-07 5.300000225361145567e-07 5.300000225361145567e-07 5.300000225361145567e-07 5.300000225361145567e-07 5.300000225361145567e-07 5.300000225361145567e-07 5.300000225361145567e-07 5.300000225361145567e-07 5.300000225361145567e-07 1.992392753891181201e-06 5.300000225361145567e-07 5.300000225361145567e-07 5.300000225361145567e-07 5.300000225361145567e-07 5.300000225361145567e-07 5.300000225361145567e-07 5.300000225361145567e-07 5.300000225361145567e-07 5.300000225361145567e-07 5.300000225361145567e-07 5.300000225361145567e-07
5.300000225361145567e-07 5.300000225361145567e-07 5.300000225361145567e-07 5.300000225361145567e-07 5.300000225361145567e-07 5.300000225361145567e-07 5.300000225361145567e-07 5.300000225361145567e-07 5.300000225361145567e-07 5.300000225361145567e-07 5.300000225361145567e-07 5.300000225361145567e-07 5.300000225361145567e-07 5.300000225361145567e-07 5.300000225361145567e-07 5.300000225361145567e-07 5.300000225361145567e-07 5.300000225361145567e-07 5.300000225361145567e-07 5.300000225361145567e-07 5.300000225361145567e-07 5.300000225361145567e-07 5.300000225361145567e-07
