6.099999723119253758e-07 6.099999723119253758e-07 6.099999723119253758e-07 6.099999723119253758e-07 6.099999723119253758e-07 6.099999723119253758e-07 6.099999723119253758e-07 6.099999723119253758e-07 6.099999723119253758e-07 6.099999723119253758e-07 6.099999723119253758e-07 6.099999723119253758e-07 6.099999723119253758e-07 6.099999723119253758e-07 6.099999723119253758e-07 6.099999723119253758e-07 6.099999723119253758e-07 6.099999723119253758e-07 6.099999723119253758e-07 6.099999723119253758e-07 6.099999723119253758e-07 6.099999723119253758e-07 6.099999723119253758e-07
6.099999723119253758e-07 6.099999723119253758e-07 6.099999723119253758e-07 6.099999723119253758e-07 6.099999723119253758e-07 6.099999723119253758e-07 6.099999723119253758e-07 6.099999723119253758e-07 6.099999723119253758e-07 6.099999723119253758e-07 6.099999723119253758e-07 7.231176937239069957e-07 6.099999723119253758e-07 6.099999723119253758e-07 6.099999723119253758e-07 6.099999723119253758e-07 6.099999723119253758e-07 6.099999723119253758e-07 6.099999723119253758e-07 6.099999723119253758e-07 6.099999723119253758e-07 6.099999723119253758e-07 6.099999723119253758e-07
6.099999723119253758e-07 6.099999723119253758e-07 6.099999723119253758e-07 6.099999723119253758e-07 6.099999723119253758e-07 6.099999723119253758e-07 6.099999723119253758e-07 0.000000000000000000e+00 2.998203854076564312e-07 5.183979965295293368e-07 8.111762213047768455e-07 1.128618578150053509e-06 1.269757603949983604e-06 1.036200956150423735e-06 3.226683702450827695e-07 0.000000000000000000e+00 6.099999723119253758e-07 6.099999723119253758e-07 6.099999723119253758e-07 6.099999723119253758e-07 6.099999723119253758e-07 6.099999723119253758e-07 6.099999723119253758e-07
6.099999723119253758e-07 6.099999723119253758e-07 6.099999723119253758e-07 6.099999723119253758e-07 6.099999723119253758e-07 0.000000000000000000e+00 3.170765978666167939e-07 5.453508151731512044e-07 5.801546762995712925e-07 7.263346901709155645e-07 1.049552793119801208e-06 1.401857844030018896e-06 1.562318743708601687e-06 1.392617718920519110e-06 9.312425390817224979e-07 3.681154225887439679e-07 0.000000000000000000e+00 0.000000000000000000e+00 6.099999723119253758e-07 6.099999723119253758e-07 6.099999723119253758e-07 6.099999723119253758e-07 6.099999723119253758e-07
6.099999723119253758e-07 6.099999723119253758e-07 6.099999723119253758e-07 6.099999723119253758e-07 0.000000000000000000e+00 3.121519966953201219e-07 6.133641363703645766e-07 6.240908874133310746e-07 6.606132956221699715e-07 9.117911758949048817e-07 1.331216481048613787e-06 1.709245225356426090e-06 1.817860493247280829e-06 1.550187676002678927e-06 9.998400400945683941e-07 4.430690410117676947e-07 1.989774602861871244e-07 3.497871716717781965e-07 3.043574849925789749e-07 6.099999723119253758e-07 6.099999723119253758e-07 6.099999723119253758e-07 6.099999723119253758e-07
6.099999723119253758e-07 6.099999723119253758e-07 6.099999723119253758e-07 7.897887144281412475e-08 2.026328047577408142e-07 5.637846243189414963e-07 6.147731710370862857e-07 5.566153618019598071e-07 6.670090897387126461e-07 1.033599346556002274e-06 1.531503016849455889e-06 1.923641320900060236e-06 1.996456376218702644e-06 1.672070766289834864e-06 1.060905788108357228e-06 4.361828587207128294e-07 1.236254547620774247e-07 3.060111453123681713e-07 7.430458595081290696e-07 4.023002020403509960e-07 6.099999723119253758e-07 6.099999723119253758e-07 6.099999723119253758e-07
6.099999723119253758e-07 6.099999723119253758e-07 6.099999723119253758e-07 4.089912977178755682e-07 6.375660177582176402e-07 7.113285960258508567e-07 5.494467814060044475e-07 4.463230425244546495e-07 6.151829552436538506e-07 1.052533434631186537e-06 1.580201569595374167e-06 1.960832605618634261e-06 2.016354073930415325e-06 1.707012188489898108e-06 1.151133574239793234e-06 5.828098892379784957e-07 2.561689029789704364e-07 3.108657438133377582e-07 6.138380967968259938e-07 5.872538508810976055e-07 6.099999723119253758e-07 6.099999723119253758e-07 6.099999723119253758e-07
6.099999723119253758e-07 6.099999723119253758e-07 1.187641714750498068e-06 9.977071613320731558e-07 1.069148197530012112e-06 8.199734224945132155e-07 4.690894854775251588e-07 3.321333679195959121e-07 5.396968845161609352e-07 1.005373519546992611e-06 1.515365966042736545e-06 1.850169155659386888e-06 1.882072638181853108e-06 1.619941258468315937e-06 1.194881861010799184e-06 7.970563729031709954e-07 5.849780109201674350e-07 5.941998892922129016e-07 6.723302021782728843e-07 4.617911883997294353e-07 0.000000000000000000e+00 6.099999723119253758e-07 6.099999723119253758e-07
6.099999723119253758e-07 6.099999723119253758e-07 1.489861006120918319e-06 1.614642087588435970e-06 1.410075583407888189e-06 8.709046142030274495e-07 3.876331788887910079e-07 2.487771837422769750e-07 4.953258212481159717e-07 9.675720775703666732e-07 1.428384848622954451e-06 1.685374172666342929e-06 1.667251353865140118e-06 1.436987531633349136e-06 1.146153408626560122e-06 9.510612244412186556e-07 9.220337915394338779e-07 9.822897482081316411e-07 9.125724318437278271e-07 4.517459899489040254e-07 0.000000000000000000e+00 6.099999723119253758e-07 6.099999723119253758e-07
6.099999723119253758e-07 6.099999723119253758e-07 1.881367325040628202e-06 2.052895524684572592e-06 1.591387444932479411e-06 8.574246521675377153e-07 3.224575948479468934e-07 2.242339860458741896e-07 5.207825779507402331e-07 9.931472959578968585e-07 1.390583065585815348e-06 1.549918010823603254e-06 1.453234972359496169e-06 1.214941676153102890e-06 1.010686446534236893e-06 9.764125934452749789e-07 1.116167823056457564e-06 1.262048272110405378e-06 1.128908024838892743e-06 5.001622298550501000e-07 0.000000000000000000e+00 6.099999723119253758e-07 6.099999723119253758e-07
6.099999723119253758e-07 6.099999723119253758e-07 2.064252612399286591e-06 2.218206873294548132e-06 1.613525682842009701e-06 8.085295348791987635e-07 2.976457835757173598e-07 2.673374979167419951e-07 6.137059926913934760e-07 1.079299863704363815e-06 1.409793526363500860e-06 1.468793016101699322e-06 1.281087179449968971e-06 1.001185864879516885e-06 8.249772349699924234e-07 8.777878974797204137e-07 1.122049752666498534e-06 1.332160309175378643e-06 1.182970663649030030e-06 4.916478815175651107e-07 0.000000000000000000e+00 6.099999723119253758e-07 6.099999723119253758e-07
6.099999723119253758e-07 8.254229442172800191e-07 1.930537337102578022e-06 2.125202854585950263e-06 1.535720684842090122e-06 7.791445000293606427e-07 3.388390155123488512e-07 3.679337794437742559e-07 7.345770995925704483e-07 1.171174062619684264e-06 1.432527142242179252e-06 1.404999920850968920e-06 1.140495442086830735e-06 8.151666293088055681e-07 6.333777946565533057e-07 7.124957619453198276e-07 9.936132983057177626e-07 1.227301027029170655e-06 1.081937512026343029e-06 4.150862480400974164e-07 0.000000000000000000e+00 8.673993647789757233e-07 6.099999723119253758e-07
6.099999723119253758e-07 6.099999723119253758e-07 1.516551151325984392e-06 1.848002966653439216e-06 1.435583953934838064e-06 8.260691402028896846e-07 4.683740826294524595e-07 5.103755711388657801e-07 8.349183531208836939e-07 1.199143525809631683e-06 1.383622702633147128e-06 1.294588628297788091e-06 9.938311222867923789e-07 6.565659873558615800e-07 4.777834874403197318e-07 5.622598564514191821e-07 8.425415671808877960e-07 1.072813574864994735e-06 9.446255830880545545e-07 3.629761238244100241e-07 0.000000000000000000e+00 6.099999723119253758e-07 6.099999723119253758e-07
6.099999723119253758e-07 6.099999723119253758e-07 9.520579737909429241e-07 1.462692353015881963e-06 1.360390797344734892e-06 9.775692433322547004e-07 6.975577093726315070e-07 6.885900347697315738e-07 8.918553362491365988e-07 1.127016957980231382e-06 1.220548483615857549e-06 1.098663005905109458e-06 8.174840786523418501e-07 5.284609301270393189e-07 3.968390558384271571e-07 5.052728511145687662e-07 7.834081543478532694e-07 1.007470018521416932e-06 9.115580041907378472e-07 4.444881938070466276e-07 1.926209165503678378e-07 6.099999723119253758e-07 6.099999723119253758e-07
6.099999723119253758e-07 6.099999723119253758e-07 4.601964747052988969e-07 1.018517195916501805e-06 1.290191221414715983e-06 1.202483190354541875e-06 1.010144842439331114e-06 9.074490208149654791e-07 9.269015208701603115e-07 9.846139619185123593e-07 9.738608923726133071e-07 8.443854540018946864e-07 6.354942456709977705e-07 4.559459512165631168e-07 4.230518584336095955e-07 5.872917654414777644e-07 8.770948625169694424e-07 1.101253815249947365e-06 1.043708607539883815e-06 6.771898029001022223e-07 5.084080498818366323e-07 6.099999723119253758e-07 6.099999723119253758e-07
6.099999723119253758e-07 6.099999723119253758e-07 4.734370975256751990e-07 5.831055887028924190e-07 1.140584345193929039e-06 1.391695036545570474e-06 1.337350909125234466e-06 1.160715328296646476e-06 9.916441285895416513e-07 8.622664608992636204e-07 7.487163884434266947e-07 6.296711489994777367e-07 5.224397909842082299e-07 4.819127070732065476e-07 5.667073423865076620e-07 7.903349796833936125e-07 1.083172264770837501e-06 1.293438344873720780e-06 1.252265292350784875e-06 9.192997936224855948e-07 6.110867616371251643e-07 6.099999723119253758e-07 6.099999723119253758e-07
6.099999723119253758e-07 6.099999723119253758e-07 6.099999723119253758e-07 4.244556635057961103e-07 8.497406156493525486e-07 1.380851472276845016e-06 1.540030893920629751e-06 1.390421630276250653e-06 1.116880866902647540e-06 8.579453378843027167e-07 6.747539487150788773e-07 5.779816660833603237e-07 5.635380944113421720e-07 6.319569934021274094e-07 7.850342171877855435e-07 1.006371121547999792e-06 1.240042593053658493e-06 1.383640324092993978e-06 1.308424543822184205e-06 9.102930107474094257e-07 6.099999723119253758e-07 6.099999723119253758e-07 6.099999723119253758e-07
6.099999723119253758e-07 6.099999723119253758e-07 6.099999723119253758e-07 1.418956344423349947e-06 6.200393727340269834e-07 1.068260871761594899e-06 1.438011622667545453e-06 1.456175368730328046e-06 1.244667146238498390e-06 9.899081305775325745e-07 8.131446520565077662e-07 7.503750225623662118e-07 7.799492323101731017e-07 8.596969109930796549e-07 9.536659035802586004e-07 1.041269797497079708e-06 1.108807964556035586e-06 1.124959680964821018e-06 9.979528385883895680e-07 5.026711846767284442e-07 6.099999723119253758e-07 6.099999723119253758e-07 6.099999723119253758e-07
6.099999723119253758e-07 6.099999723119253758e-07 6.099999723119253758e-07 6.099999723119253758e-07 1.419533191437949426e-06 7.160506925174559001e-07 9.599632448953343555e-07 1.175555894405988511e-06 1.194693368233856745e-06 1.119005105465475935e-06 1.060127033269964159e-06 1.051776735039311461e-06 1.056354903994360939e-06 1.012151187751442194e-06 8.850842050378560089e-07 7.012102969383704476e-07 5.430241003523406107e-07 4.938103188578679692e-07 5.100137059343978763e-07 6.099999723119253758e-07 6.099999723119253758e-07 6.099999723119253758e-07 6.099999723119253758e-07
6.099999723119253758e-07 6.099999723119253758e-07 6.099999723119253758e-07 6.099999723119253758e-07 6.099999723119253758e-07 1.565794491398264654e-06 5.296313929648022167e-07 5.384994778978580143e-07 7.574179790026391856e-07 9.650632364355260506e-07 1.125904873333638534e-06 1.207277591674937867e-06 1.146010731645219494e-06 8.922329470806289464e-07 4.754242581839207560e-07 4.970769396095420234e-08 0.000000000000000000e+00 2.455677474699768936e-07 6.099999723119253758e-07 6.099999723119253758e-07 6.099999723119253758e-07 6.099999723119253758e-07 6.099999723119253758e-07
6.099999723119253758e-07 6.099999723119253758e-07 6.099999723119253758e-07 6.099999723119253758e-07 6.099999723119253758e-07 6.099999723119253758e-07 6.099999723119253758e-07 2.493347324161732104e-07 5.643016720568994060e-08 3.510990893573762150e-07 7.164079534049960785e-07 9.321615834778640419e-07 8.756497891226899810e-07 5.418703494797227904e-07 1.067536459231632762e-07 0.000000000000000000e+00 6.099999723119253758e-07 6.099999723119253758e-07 6.099999723119253758e-07 6.099999723119253758e-07 6.099999723119253758e-07 6.099999723119253758e-07 6.099999723119253758e-07
6.099999723119253758e-07 6.099999723119253758e-07 6.099999723119253758e-07 6.099999723119253758e-07 6.099999723119253758e-07 6.099999723119253758e-07 6.099999723119253758e-07 6.099999723119253758e-07 6.099999723119253758e-07 6.099999723119253758e-07 6.099999723119253758e-07 4.763020911013882142e-07 6.099999723119253758e-07 6.099999723119253758e-07 6.099999723119253758e-07 6.099999723119253758e-07 6.099999723119253758e-07 6.099999723119253758e-07 6.099999723119253758e-07 6.099999723119253758e-07 6.099999723119253758e-07 6.099999723119253758e-07 6.099999723119253758e-07
6.099999723119253758e-07 6.099999723119253758e-07 6.099999723119253758e-07 6.099999723119253758e-07 6.099999723119253758e-07 6.099999723119253758e-07 6.099999723119253758e-07 6.099999723119253758e-07 6.099999723119253758e-07 6.099999723119253758e-07 6.099999723119253758e-07 6.099999723119253758e-07 6.099999723119253758e-07 6.099999723119253758e-07 6.099999723119253758e-07 6.099999723119253758e-07 6.099999723119253758e-07 6.099999723119253758e-07 6.099999723119253758e-07 6.099999723119253758e-07 6.099999723119253758e-07 6.099999723119253758e-07 6.099999723119253758e-07
