4.700000033608375816e-07 4.700000033608375816e-07 4.700000033608375816e-07 4.700000033608375816e-07 4.700000033608375816e-07 4.700000033608375816e-07 4.700000033608375816e-07 4.700000033608375816e-07 4.700000033608375816e-07 4.700000033608375816e-07 4.700000033608375816e-07 4.700000033608375816e-07 4.700000033608375816e-07 4.700000033608375816e-07 4.700000033608375816e-07 4.700000033608375816e-07 4.700000033608375816e-07 4.700000033608375816e-07 4.700000033608375816e-07 4.700000033608375816e-07 4.700000033608375816e-07 4.700000033608375816e-07 4.700000033608375816e-07
4.700000033608375816e-07 4.700000033608375816e-07 4.700000033608375816e-07 4.700000033608375816e-07 4.700000033608375816e-07 4.700000033608375816e-07 4.700000033608375816e-07 4.700000033608375816e-07 4.700000033608375816e-07 4.700000033608375816e-07 4.700000033608375816e-07 1.178428306047862861e-06 4.700000033608375816e-07 4.700000033608375816e-07 4.700000033608375816e-07 4.700000033608375816e-07 4.700000033608375816e-07 4.700000033608375816e-07 4.700000033608375816e-07 4.700000033608375816e-07 4.700000033608375816e-07 4.700000033608375816e-07 4.700000033608375816e-07
4.700000033608375816e-07 4.700000033608375816e-07 4.700000033608375816e-07 4.700000033608375816e-07 4.700000033608375816e-07 4.700000033608375816e-07 4.700000033608375816e-07 7.345327048824401572e-07 6.861255883450212423e-07 5.860636065335711464e-07 4.891963385489361826e-07 4.367333588106703246e-07 4.306013750010606600e-07 4.305325091991107911e-07 3.808915209901897470e-07 2.437971033941721544e-07 4.700000033608375816e-07 4.700000033608375816e-07 4.700000033608375816e-07 4.700000033608375816e-07 4.700000033608375816e-07 4.700000033608375816e-07 4.700000033608375816e-07
4.700000033608375816e-07 4.700000033608375816e-07 4.700000033608375816e-07 4.700000033608375816e-07 4.700000033608375816e-07 7.670723789487965405e-07 8.494477015119628049e-07 8.494221219734754413e-07 7.968499176058685407e-07 7.014087373136135284e-07 6.081207857278059237e-07 5.566229219766682945e-07 5.418732484940846916e-07 5.146160333424631972e-07 4.166984979292465141e-07 2.192163037761929445e-07 0.000000000000000000e+00 0.000000000000000000e+00 4.700000033608375816e-07 4.700000033608375816e-07 4.700000033608375816e-07 4.700000033608375816e-07 4.700000033608375816e-07
4.700000033608375816e-07 4.700000033608375816e-07 4.700000033608375816e-07 4.700000033608375816e-07 9.267342306884529535e-07 9.814223176363157108e-07 9.945327974492101930e-07 1.018691023091378156e-06 9.855805274128215387e-07 8.965088227341766469e-07 8.071629622463660780e-07 7.592346946694306098e-07 7.394660315185319632e-07 6.906500971126661170e-07 5.592372644969145767e-07 3.404296933240402723e-07 7.401106927318323869e-08 0.000000000000000000e+00 0.000000000000000000e+00 4.700000033608375816e-07 4.700000033608375816e-07 4.700000033608375816e-07 4.700000033608375816e-07
4.700000033608375816e-07 4.700000033608375816e-07 4.700000033608375816e-07 9.418256468052277341e-07 1.081174900718906429e-06 1.024661628434841987e-06 1.085636881725804415e-06 1.147586203842365649e-06 1.120537376664287876e-06 1.027858047564222943e-06 9.420263609172252472e-07 9.030535466081346385e-07 8.844517651596106589e-07 8.189674645109334961e-07 6.597738888558524195e-07 4.323886173551727552e-07 2.282954767451883527e-07 1.030772125432122266e-07 0.000000000000000000e+00 0.000000000000000000e+00 4.700000033608375816e-07 4.700000033608375816e-07 4.700000033608375816e-07
4.700000033608375816e-07 4.700000033608375816e-07 4.700000033608375816e-07 1.197372739625279792e-06 1.074522742783301510e-06 1.067293624146259390e-06 1.190714328913600184e-06 1.263156832465028856e-06 1.217910266859689727e-06 1.112433778871491086e-06 1.033005332828906830e-06 1.010913933896517847e-06 1.000913130155822728e-06 9.233252171725325752e-07 7.380065198958618566e-07 5.013052373215032276e-07 3.562018378033826593e-07 4.210017721106851241e-07 5.732454724238777999e-07 1.729325163069006521e-07 4.700000033608375816e-07 4.700000033608375816e-07 4.700000033608375816e-07
4.700000033608375816e-07 4.700000033608375816e-07 9.687753390608122572e-07 1.223199774358363356e-06 1.084174414245353546e-06 1.163197680398297962e-06 1.317361920882831328e-06 1.364806848869193345e-06 1.283097276427724864e-06 1.163178922070073895e-06 1.097236008718027733e-06 1.100554413824283984e-06 1.105402475332084578e-06 1.018977627609274350e-06 8.076166295722941868e-07 5.557507165576680563e-07 4.504857429310504813e-07 6.612140168726909906e-07 1.118314798986830283e-06 1.245770249624911230e-06 0.000000000000000000e+00 4.700000033608375816e-07 4.700000033608375816e-07
4.700000033608375816e-07 4.700000033608375816e-07 1.179966034214885440e-06 1.197689698528847657e-06 1.132523948399466462e-06 1.276191824217676185e-06 1.421026922798773739e-06 1.419607883690332528e-06 1.297536869060422760e-06 1.170760469904053025e-06 1.127836640080204234e-06 1.162687112810090184e-06 1.184628217743011191e-06 1.089853526536899153e-06 8.520481742380070500e-07 5.794298090222582687e-07 4.912778877042001113e-07 7.888691015978110954e-07 1.433745978829392698e-06 1.900357233353133779e-06 1.040359052240091842e-06 4.700000033608375816e-07 4.700000033608375816e-07
4.700000033608375816e-07 4.700000033608375816e-07 1.189471049656276591e-06 1.158980580839852337e-06 1.175829083877033554e-06 1.346554086012474727e-06 1.455254505344782956e-06 1.401324311700591352e-06 1.250590798917983193e-06 1.131468820858572144e-06 1.120101615015300922e-06 1.186940721709106583e-06 1.221814727614400908e-06 1.115271288654184900e-06 8.508238806825829670e-07 5.557048439186473843e-07 4.668332280743925367e-07 7.939163424452999607e-07 1.502953864473965950e-06 2.100882284139515832e-06 1.575680585119698662e-06 4.700000033608375816e-07 4.700000033608375816e-07
4.700000033608375816e-07 4.700000033608375816e-07 1.106941112993808929e-06 1.100006329579628073e-06 1.173729287984315306e-06 1.341485926786845084e-06 1.408572529726370703e-06 1.318259364779805765e-06 1.161994987342040986e-06 1.067071139004838187e-06 1.090760520128242206e-06 1.181772063318931032e-06 1.217814542542328127e-06 1.092136471925186925e-06 8.021106623345986009e-07 4.892477249995863531e-07 3.924727423054719111e-07 7.050667818475631066e-07 1.370362724628648721e-06 1.912107563839526847e-06 1.472332883167837281e-06 4.700000033608375816e-07 4.700000033608375816e-07
4.700000033608375816e-07 3.335091491862840485e-08 9.882194262900156900e-07 1.018589045997941867e-06 1.118500676966505125e-06 1.269216795662941877e-06 1.308226615037710872e-06 1.210534719575662166e-06 1.075786940418765880e-06 1.017721956486639101e-06 1.071484007297840435e-06 1.169509914689115249e-06 1.188003693641803693e-06 1.033428475238906685e-06 7.220023690024390817e-07 4.048399091516330373e-07 3.071855871894513257e-07 5.820946853418718092e-07 1.126958864006155636e-06 1.475437102271826006e-06 9.576351658324711025e-07 0.000000000000000000e+00 4.700000033608375816e-07
4.700000033608375816e-07 4.700000033608375816e-07 8.653403256175806746e-07 9.262111007046769373e-07 1.028287329063459765e-06 1.161499881163763348e-06 1.195913569063122850e-06 1.122253252106020227e-06 1.031350393532193266e-06 1.013652877190907020e-06 1.082340645552903879e-06 1.162104695140442345e-06 1.140302629210054874e-06 9.479709888182696886e-07 6.250645014915789943e-07 3.273125344094296452e-07 2.512254013709025458e-07 4.890399623036500998e-07 8.767874533077701926e-07 9.661740705269039609e-07 3.345991217429400422e-07 4.700000033608375816e-07 4.700000033608375816e-07
4.700000033608375816e-07 4.700000033608375816e-07 7.465691851393785328e-07 8.337011649928172119e-07 9.230488444700313266e-07 1.043638803821522743e-06 1.094950789592985529e-06 1.068167989615176339e-06 1.031280817187507637e-06 1.045321710080315825e-06 1.104752641367667820e-06 1.136894752562511712e-06 1.053292294272978324e-06 8.200098591260029934e-07 5.041127337790385354e-07 2.599359163468761835e-07 2.412429864762088982e-07 4.639808537376666209e-07 6.990755991864716634e-07 5.455705149870482273e-07 0.000000000000000000e+00 4.700000033608375816e-07 4.700000033608375816e-07
4.700000033608375816e-07 4.700000033608375816e-07 6.081492074372363277e-07 7.360038125625578687e-07 8.057967306740465574e-07 9.149114248430123553e-07 9.919319836626527831e-07 1.017986733131692745e-06 1.029178747558034956e-06 1.054997028404613957e-06 1.076687567547196522e-06 1.034787828757544048e-06 8.763674941292265430e-07 6.099833740336180199e-07 3.299475679341412615e-07 1.812142897961166454e-07 2.620336658765154425e-07 5.034742684983939398e-07 6.229988116501772311e-07 3.234872565371915698e-07 0.000000000000000000e+00 4.700000033608375816e-07 4.700000033608375816e-07
4.700000033608375816e-07 4.700000033608375816e-07 3.928047362933284603e-07 6.114790949141024612e-07 6.648550083809823263e-07 7.553105660917935893e-07 8.488721050525782630e-07 9.142937642536708154e-07 9.532153626423678361e-07 9.653823553890106268e-07 9.253494681615848094e-07 7.956605827530438546e-07 5.661809154844377190e-07 2.900755475820915308e-07 8.386214744859898929e-08 7.202459073596401140e-08 2.858601533262117300e-07 5.715355655411258340e-07 6.237609682102629449e-07 3.390411507098178845e-07 7.761420874885516241e-07 4.700000033608375816e-07 4.700000033608375816e-07
4.700000033608375816e-07 4.700000033608375816e-07 4.700000033608375816e-07 4.337936161391553469e-07 4.953916459271567874e-07 5.569281142925319728e-07 6.441349569286103360e-07 7.222424187602882739e-07 7.633868790435371920e-07 7.428514550156251062e-07 6.344828307192074135e-07 4.275395326658326667e-07 1.552701576201798161e-07 0.000000000000000000e+00 0.000000000000000000e+00 0.000000000000000000e+00 3.115202105163916713e-07 6.241320420485862996e-07 6.296661467786179855e-07 5.474992121889954433e-07 4.700000033608375816e-07 4.700000033608375816e-07 4.700000033608375816e-07
4.700000033608375816e-07 4.700000033608375816e-07 4.700000033608375816e-07 1.664069770868081832e-07 3.103019707850762643e-07 3.500327068195474567e-07 4.120630592296947725e-07 4.806988727068528533e-07 5.117886985317454673e-07 4.641709097086277325e-07 3.146071776427561417e-07 7.720834105384710710e-08 0.000000000000000000e+00 0.000000000000000000e+00 0.000000000000000000e+00 0.000000000000000000e+00 3.858808383938594488e-07 6.106060368438193109e-07 5.001837166673794854e-07 7.719141876805224456e-07 4.700000033608375816e-07 4.700000033608375816e-07 4.700000033608375816e-07
4.700000033608375816e-07 4.700000033608375816e-07 4.700000033608375816e-07 4.700000033608375816e-07 7.170538651735114399e-08 1.549657611121801892e-07 2.121873308169597294e-07 2.853647060874209274e-07 3.359817242198914755e-07 3.162171537951508071e-07 2.050238094852829818e-07 3.031206574632960837e-08 0.000000000000000000e+00 0.000000000000000000e+00 3.778723112191073596e-09 3.082737691784132039e-07 5.304848968989972491e-07 3.732242817022779491e-07 0.000000000000000000e+00 4.700000033608375816e-07 4.700000033608375816e-07 4.700000033608375816e-07 4.700000033608375816e-07
4.700000033608375816e-07 4.700000033608375816e-07 4.700000033608375816e-07 4.700000033608375816e-07 4.700000033608375816e-07 0.000000000000000000e+00 0.000000000000000000e+00 8.459892342216335237e-08 2.656069852946529863e-07 4.081811937339807628e-07 4.863074423155921977e-07 5.187874307921447325e-07 5.637712092720903456e-07 6.762475095456466079e-07 8.340384738403372467e-07 8.642942361802852247e-07 4.450568837910395814e-07 0.000000000000000000e+00 4.700000033608375816e-07 4.700000033608375816e-07 4.700000033608375816e-07 4.700000033608375816e-07 4.700000033608375816e-07
4.700000033608375816e-07 4.700000033608375816e-07 4.700000033608375816e-07 4.700000033608375816e-07 4.700000033608375816e-07 4.700000033608375816e-07 4.700000033608375816e-07 0.000000000000000000e+00 0.000000000000000000e+00 2.150542570689140121e-07 7.211962156361551024e-07 1.152544655269593932e-06 1.490036083851009607e-06 1.672372491157148033e-06 1.523367586742097046e-06 7.060908728817594238e-07 4.700000033608375816e-07 4.700000033608375816e-07 4.700000033608375816e-07 4.700000033608375816e-07 4.700000033608375816e-07 4.700000033608375816e-07 4.700000033608375816e-07
4.700000033608375816e-07 4.700000033608375816e-07 4.700000033608375816e-07 4.700000033608375816e-07 4.700000033608375816e-07 4.700000033608375816e-07 4.700000033608375816e-07 4.700000033608375816e-07 4.700000033608375816e-07 4.700000033608375816e-07 4.700000033608375816e-07 0.000000000000000000e+00 4.700000033608375816e-07 4.700000033608375816e-07 4.700000033608375816e-07 4.700000033608375816e-07 4.700000033608375816e-07 4.700000033608375816e-07 4.700000033608375816e-07 4.700000033608375816e-07 4.700000033608375816e-07 4.700000033608375816e-07 4.700000033608375816e-07
4.700000033608375816e-07 4.700000033608375816e-07 4.700000033608375816e-07 4.700000033608375816e-07 4.700000033608375816e-07 4.700000033608375816e-07 4.700000033608375816e-07 4.700000033608375816e-07 4.700000033608375816e-07 4.700000033608375816e-07 4.700000033608375816e-07 4.700000033608375816e-07 4.700000033608375816e-07 4.700000033608375816e-07 4.700000033608375816e-07 4.700000033608375816e-07 4.700000033608375816e-07 4.700000033608375816e-07 4.700000033608375816e-07 4.700000033608375816e-07 4.700000033608375816e-07 4.700000033608375816e-07 4.700000033608375816e-07
