2.764100486274401192e-07 3.521995779465214582e-07 3.341527587963355472e-07
-3.156336845222540433e-07 -2.939578962468658574e-07 -3.201493541382660624e-07
4.270466646971726732e-09 -2.886654613121208968e-07 -3.040981653157359688e-07
-2.059182691027672263e-08 -3.364513361248100409e-07 3.063478573039901676e-07
-3.782481314829055918e-07 3.465301006144727580e-07 -3.681696796320466092e-07
-5.666500157985865371e-08 3.185475350164779229e-07 -2.976582038627384463e-07
3.429836397117469460e-07 2.901198001836746698e-07 -6.705170818577244063e-08
-2.750019234554201830e-07 -3.609813461480371188e-07 3.222464499685884221e-07
2.844324740181036759e-07 -3.149327767459908500e-07 3.127523200419091154e-07
-2.836837609265785431e-07 3.166620103911554907e-07 1.820977786337607540e-07
-3.443617515586083755e-07 3.281687668277299963e-07 3.086802848883962724e-07
3.335782992053282214e-07 -1.878535300647854456e-07 3.987733236954227323e-07
-3.566747750483045820e-07 1.249709100648033200e-07 -3.785411983869835240e-09
-3.337628413646598347e-07 3.600903539791033836e-07 3.094864098329708213e-07
3.545956133166328073e-07 -1.489515568664501188e-07 2.991061478496703785e-07
-3.100799972344248090e-07 3.202560208137583686e-07 3.295014607829216402e-07
-2.353795203191566543e-08 2.810228849625673320e-08 2.866005957002926152e-07
1.482722780110634631e-07 2.945126311715284828e-07 -3.506562222810316598e-07
-3.600157185701391427e-07 2.969456716073182179e-07 -1.883210565267745551e-08
3.725501471762981964e-07 2.943871493243932491e-07 -7.673951785136523540e-08
-3.323935686694312608e-07 -3.170746651903755264e-07 -1.305570549448020756e-07
2.864849761863297317e-07 3.352368764808488777e-07 -7.046193672977096867e-08
5.066169350698146445e-08 3.076269194934866391e-07 1.679652683606036589e-08
-3.436109636822948232e-07 -1.338112838311644737e-07 1.959091378012089990e-08
-3.178170402406976791e-07 -3.061310280827456154e-07 -3.352366491071734345e-07
3.128188268419762608e-07 3.442544596055086004e-07 3.174998255417449400e-07
-2.958502420824515866e-07 -5.761983778995727334e-09 -6.731907831181160873e-08
3.711437557285535149e-07 -9.266137368513227557e-08 1.874482506991625996e-07
2.785001527172425995e-07 -3.223493649784359150e-07 2.887291543629544321e-07
4.338987125152016233e-08 6.750610737071838230e-08 6.982835287772104493e-08
-3.039226896817126544e-07 3.941739823432044432e-09 4.208612836009706371e-08
3.179523844210052630e-07 -1.115645318350289017e-07 -3.511774764319852693e-07
1.930100239633247838e-07 -1.441425734327594910e-08 -3.182103114340861794e-07
-3.064281486331310589e-07 -2.909797274242009735e-07 -2.951317128463415429e-07
2.758672508207382634e-07 3.445699121584766544e-07 1.340777373570745112e-07
6.657180051661271136e-08 -3.361065807894192403e-07 3.269727812948985957e-07
-1.597650083340340643e-07 -1.714580264433607226e-07 2.954050728476431686e-07
2.956963385258859489e-07 -3.877627818837936502e-07 3.228944933653110638e-07
3.374262647071191168e-08 -3.261740744164853822e-07 -2.895612567499483703e-07
1.113156216092647810e-07 1.504349000924776192e-08 5.264142188821097079e-08
2.663054488039051648e-07 -7.826277226286038058e-08 -9.170462078600394307e-08
-3.491089728413498960e-07 1.328296832525666105e-07 -1.723371809703166946e-07
1.130605795651717926e-07 3.523963414409081452e-07 -1.176781054823550221e-07
-6.668562946288147941e-08 3.603716152156266617e-07 8.189915234879663331e-08
2.830238656770234229e-07 2.652228374699916458e-07 -1.019303113025671337e-07
2.942625201285409275e-07 -1.931513935460316134e-07 5.556212201440757781e-08
-2.842721471552067669e-07 -1.989636189136945177e-07 5.369930633492003835e-08
3.006402664595952956e-07 2.834213432834076229e-07 -1.921124948012220557e-08
-7.078810426719428506e-08 -5.107044565022533789e-09 -1.447757966843710165e-07
-3.119127427453349810e-07 3.788275932947726687e-07 3.103419032868259819e-07
3.289443100129574304e-07 -3.438431974700506544e-07 -6.075092784385560662e-08
3.389508407281027758e-08 3.031302640010835603e-07 -3.090232496560929576e-07
-2.826976697178906761e-07 -4.535595010679571715e-08 6.740170022112579318e-08
-2.016808906546430080e-07 -3.180869327934487956e-07 -2.003948509354813723e-07
4.552569876636880508e-08 3.326003650272468803e-07 -9.513831145113726961e-08
