3.464890596660552546e-07
4.295148130495363148e-07
4.296115037050185492e-07
4.600709360147448024e-07
-3.807629127550171688e-07
-2.813905553011863958e-07
1.309712587271860684e-07
-2.853822707038489170e-07
-3.315142578230734216e-07
8.373230997449354618e-09
6.775162120220556972e-08
-4.515158309459366137e-07
-3.674000765840901295e-07
5.793530988285056083e-08
-3.595457940264168428e-07
-2.996496277773985639e-07
-9.838730363753711572e-08
1.428164466688031098e-07
3.048506584946153453e-07
-3.248222242291376460e-07
2.321451653131134663e-08
-1.346533053947496228e-07
-1.394520836583978962e-07
3.285623222382128006e-07
-3.037226576907414710e-07
-1.852007081026840751e-08
3.822962639787874650e-07
-3.282619047695334302e-07
-2.911968408625398297e-07
3.277646101196296513e-07
8.275267582291689905e-09
2.928830156179174082e-07
1.303253327478159918e-07
3.886074182446463965e-07
-1.649274565806990722e-07
3.649330153621122008e-07
1.257646573549209279e-07
1.699331342308596504e-08
1.187807825431264064e-07
-1.238669824488169979e-07
3.583066927603795193e-07
-6.730077473093842855e-08
1.712286632482573623e-07
-6.644182093396011624e-08
-5.696010063616085972e-08
1.538507063969518640e-07
2.989650909057672834e-07
-3.375044741460442310e-07
2.823793749939795816e-07
-3.820620975147903664e-07
-2.898352420288574649e-07
-2.937302667760377517e-07
1.921121963732730364e-07
-1.639520945673211827e-07
1.672614331482691341e-07
